#redshift  mobs = mB + col2 + col3*c
0.000100  0.262107  -2.027211
0.100100  0.007128  -1.824753
0.200100  -0.380165  -1.671337
0.300100  -0.686146  -1.458793
0.400100  -0.799249  -1.185044
0.500100  -0.882433  -0.895784
0.600100  -0.949598  -0.575335
0.700100  -1.048652  -0.320565
0.800100  -1.180626  -0.069585
0.900100  -1.260430  0.148312
1.000100  -1.169969  0.378324
1.100100  -1.116233  0.672245
1.200100  -0.907260  1.040100
1.300100  -0.681263  1.510664
1.400100  -0.544978  1.986728
1.500100  -0.306790  2.643856
