#redshift  mobs = mB + col2 + col3*c
-0.010000  1.220241  -2.211629
0.300000  1.220241  -2.211629
0.310000  1.131724  -2.205312
0.320000  1.058829  -2.199954
0.330000  0.996979  -2.195250
0.340000  0.940901  -2.190745
0.350000  0.885828  -2.185923
0.360000  0.830479  -2.180824
0.370000  0.775785  -2.175514
0.380000  0.722006  -2.169884
0.390000  0.668778  -2.163913
0.400000  0.615638  -2.157590
0.410000  0.565099  -2.151217
0.420000  0.519463  -2.145022
0.430000  0.478608  -2.139028
0.440000  0.442370  -2.133129
0.450000  0.410246  -2.127261
0.460000  0.381951  -2.121379
0.470000  0.356668  -2.115407
0.480000  0.333582  -2.109105
0.490000  0.312012  -2.102279
0.500000  0.291139  -2.094889
0.510000  0.270493  -2.087016
0.520000  0.249996  -2.078815
0.530000  0.230060  -2.070423
0.540000  0.211022  -2.061909
0.550000  0.192963  -2.053283
0.560000  0.176495  -2.044420
0.570000  0.161063  -2.035370
0.580000  0.146579  -2.026139
0.590000  0.134375  -2.016461
0.600000  0.124913  -2.006169
0.610000  0.117105  -1.995335
0.620000  0.109798  -1.984051
0.630000  0.101951  -1.972388
0.640000  0.092607  -1.960417
0.650000  0.081430  -1.948163
0.660000  0.067246  -1.935844
0.670000  0.048466  -1.923755
0.680000  0.024681  -1.912007
0.690000  -0.003009  -1.900496
0.700000  -0.033333  -1.889051
0.710000  -0.065110  -1.877426
0.720000  -0.096952  -1.865362
0.730000  -0.128448  -1.852929
0.740000  -0.159211  -1.840361
0.750000  -0.187833  -1.827841
0.760000  -0.212754  -1.815705
0.770000  -0.232236  -1.804299
0.780000  -0.244954  -1.793738
0.790000  -0.252301  -1.783966
0.800000  -0.258620  -1.774474
0.810000  -0.268747  -1.764279
0.820000  -0.285155  -1.752724
0.830000  -0.307247  -1.739894
0.840000  -0.333059  -1.726258
0.850000  -0.360747  -1.712298
0.860000  -0.389094  -1.698332
0.870000  -0.417344  -1.684452
0.880000  -0.444766  -1.670650
0.890000  -0.470552  -1.656955
0.900000  -0.494379  -1.643323
0.910000  -0.516845  -1.629504
0.920000  -0.538876  -1.615194
0.930000  -0.560862  -1.600310
0.940000  -0.582633  -1.585013
0.950000  -0.604036  -1.569480
0.960000  -0.625164  -1.553772
0.970000  -0.645902  -1.537984
0.980000  -0.665462  -1.522425
0.990000  -0.682747  -1.507499
1.000000  -0.697297  -1.493364
1.010000  -0.709680  -1.479789
1.020000  -0.721017  -1.466321
1.030000  -0.732304  -1.452552
1.040000  -0.744021  -1.438275
1.050000  -0.755948  -1.423563
1.060000  -0.767293  -1.408722
1.070000  -0.777329  -1.393996
1.080000  -0.786208  -1.379218
1.090000  -0.795046  -1.363827
1.100000  -0.805058  -1.347292
1.110000  -0.816580  -1.329518
1.120000  -0.828937  -1.310810
1.130000  -0.841090  -1.291551
1.140000  -0.852349  -1.272001
1.150000  -0.862516  -1.252343
1.160000  -0.871507  -1.232769
1.170000  -0.878964  -1.213490
1.180000  -0.884356  -1.194648
1.190000  -0.887445  -1.176223
1.200000  -0.888585  -1.158009
1.210000  -0.888600  -1.139752
1.220000  -0.888371  -1.121370
1.230000  -0.888530  -1.103073
1.240000  -0.889527  -1.085295
1.250000  -0.891886  -1.068478
1.260000  -0.896256  -1.052829
1.270000  -0.903270  -1.038281
1.280000  -0.913085  -1.024539
1.290000  -0.924772  -1.011052
1.300000  -0.936383  -0.997094
1.310000  -0.946068  -0.982089
1.320000  -0.953087  -0.965834
1.330000  -0.957828  -0.948405
1.340000  -0.961220  -0.929957
1.350000  -0.964260  -0.910662
1.360000  -0.967733  -0.890694
1.370000  -0.972039  -0.870183
1.380000  -0.977210  -0.849200
1.390000  -0.983125  -0.827828
1.400000  -0.989748  -0.806253
1.410000  -0.997154  -0.784757
1.420000  -1.005285  -0.763590
1.430000  -1.013713  -0.742841
1.440000  -1.021677  -0.722440
1.450000  -1.028454  -0.702286
1.460000  -1.033717  -0.682354
1.470000  -1.037595  -0.662682
1.480000  -1.040445  -0.643288
1.490000  -1.042571  -0.624121
1.500000  -1.044106  -0.605130
1.510000  -1.045142  -0.586396
1.520000  -1.045910  -0.568193
1.530000  -1.046836  -0.550895
1.540000  -1.048354  -0.534723
1.550000  -1.050733  -0.519579
1.560000  -1.054051  -0.505060
1.570000  -1.058304  -0.490653
1.580000  -1.063441  -0.475930
1.590000  -1.069319  -0.460612
1.600000  -1.075744  -0.444588
1.610000  -1.082648  -0.427923
1.620000  -1.090244  -0.410844
1.630000  -1.098956  -0.393654
1.640000  -1.109039  -0.376542
1.650000  -1.120255  -0.359456
1.660000  -1.131828  -0.342119
1.670000  -1.142782  -0.324217
1.680000  -1.152402  -0.305619
1.690000  -1.160437  -0.286446
1.700000  -1.167073  -0.267005
1.710000  -1.172695  -0.247619
1.720000  -1.177685  -0.228505
1.730000  -1.182347  -0.209740
1.740000  -1.186926  -0.191299
1.750000  -1.191686  -0.173145
1.760000  -1.196942  -0.155283
1.770000  -1.203052  -0.137779
1.780000  -1.210303  -0.120708
1.790000  -1.218766  -0.104098
1.800000  -1.228215  -0.087913
1.810000  -1.238141  -0.072076
1.820000  -1.247910  -0.056556
1.830000  -1.256942  -0.041426
1.840000  -1.264824  -0.026865
1.850000  -1.271368  -0.013090
1.860000  -1.276556  -0.000249
1.870000  -1.280450  0.011653
1.880000  -1.283125  0.022775
1.890000  -1.284648  0.033400
1.900000  -1.285108  0.043843
1.910000  -1.284645  0.054353
1.920000  -1.283457  0.065070
1.930000  -1.281788  0.076031
1.940000  -1.279873  0.087209
1.950000  -1.277879  0.098585
1.960000  -1.275897  0.110188
1.970000  -1.273962  0.122119
1.980000  -1.272078  0.134543
1.990000  -1.270263  0.147654
2.000000  -1.268551  0.161651
2.010000  -1.266963  0.176695
2.020000  -1.265488  0.192884
2.030000  -1.264068  0.210227
2.040000  -1.262616  0.228648
2.050000  -1.261028  0.247987
2.060000  -1.259207  0.268028
2.070000  -1.257091  0.288532
2.080000  -1.254661  0.309276
2.090000  -1.251952  0.330069
2.100000  -1.249041  0.350757
2.110000  -1.246050  0.371219
2.120000  -1.243110  0.391374
2.130000  -1.240318  0.411173
2.140000  -1.237716  0.430601
2.150000  -1.235281  0.449669
2.160000  -1.232931  0.468408
2.170000  -1.230569  0.486845
2.180000  -1.228127  0.504982
2.190000  -1.225593  0.522788
2.200000  -1.223023  0.540206
2.210000  -1.220533  0.557167
2.220000  -1.218244  0.573625
2.230000  -1.216219  0.589599
2.240000  -1.214435  0.605186
2.250000  -1.212769  0.620559
2.260000  -1.210997  0.635944
2.270000  -1.208840  0.651577
2.280000  -1.206029  0.667653
2.290000  -1.202350  0.684296
2.300000  -1.197651  0.701555
2.310000  -1.191852  0.719410
2.320000  -1.184933  0.737799
2.330000  -1.176913  0.756652
2.340000  -1.167824  0.775927
2.350000  -1.157708  0.795627
2.360000  -1.146609  0.815797
2.370000  -1.134566  0.836534
2.380000  -1.121635  0.857963
2.390000  -1.107900  0.880209
2.400000  -1.093489  0.903375
2.410000  -1.078570  0.927514
2.420000  -1.063361  0.952624
2.430000  -1.048116  0.978640
2.440000  -1.033084  1.005460
2.450000  -1.018461  1.032976
2.460000  -1.004368  1.061096
2.470000  -0.990829  1.089751
2.480000  -0.977772  1.118917
2.490000  -0.965031  1.148607
2.500000  -0.952386  1.178854
2.510000  -0.939599  1.209690
2.520000  -0.926437  1.241130
2.530000  -0.912686  1.273171
2.540000  -0.898167  1.305803
2.550000  -0.882750  1.339008
2.560000  -0.866391  1.372752
2.570000  -0.849157  1.406971
2.580000  -0.831231  1.441551
2.590000  -0.812917  1.476322
2.600000  -0.794639  1.511044
2.610000  -0.776921  1.545400
2.620000  -0.760320  1.579037
2.630000  -0.745319  1.611640
2.640000  -0.732259  1.642990
2.650000  -0.721306  1.672987
2.660000  -0.712449  1.701670
2.670000  -0.705497  1.729222
2.680000  -0.700121  1.755943
2.690000  -0.695930  1.782178
2.700000  -0.692550  1.808235
2.710000  -0.689662  1.834356
2.720000  -0.687011  1.860708
2.730000  -0.684408  1.887383
2.740000  -0.681729  1.914404
2.750000  -0.678891  1.941747
2.760000  -0.675817  1.969374
2.770000  -0.672401  1.997275
2.780000  -0.668503  2.025475
2.790000  -0.663944  2.054048
2.800000  -0.658512  2.083117
2.810000  -0.651963  2.112862
2.820000  -0.644041  2.143505
2.830000  -0.634514  2.175267
2.840000  -0.623215  2.208326
2.850000  -0.610054  2.242799
2.860000  -0.595027  2.278731
2.870000  -0.578212  2.316087
2.880000  -0.559777  2.354744
2.890000  -0.539968  2.394483
2.900000  -0.519080  2.435023
2.910000  -0.497404  2.476067
2.920000  -0.475204  2.517341
2.930000  -0.452697  2.558610
2.940000  -0.430054  2.599694
2.950000  -0.407393  2.640475
2.960000  -0.384778  2.680906
2.970000  -0.362226  2.721005
2.980000  -0.339732  2.760829
2.990000  -0.317293  2.800445
3.000000  -0.294917  2.839900
3.010000  -0.272629  2.879221
3.020000  -0.250470  2.918401
3.030000  -0.228502  2.957400
3.040000  -0.206803  2.996140
3.050000  -0.185463  3.034516
3.060000  -0.164562  3.072413
3.070000  -0.144160  3.109730
3.080000  -0.124284  3.146394
3.090000  -0.104926  3.182368
3.100000  -0.086048  3.217662
3.110000  -0.067577  3.252330
3.120000  -0.049407  3.286482
3.130000  -0.031409  3.320271
3.140000  -0.013447  3.353871
3.150000  0.004598  3.387444
3.160000  0.022812  3.421113
3.170000  0.041244  3.454962
3.180000  0.059902  3.489023
3.190000  0.078757  3.523278
3.200000  0.097741  3.557651
