107.920044     -26.6850834      0.00922000036    
205.81955      -31.5559711      0.0090330001     
202.774277     -15.1018219      0.0151819997     
51.9360085     -28.4870529      0.0731680021     
4.1894002      1.20089197       0.0428909995     
36.4577026     25.4053802       0.0489500016     
209.270203     41.844944        0.00794699974    
247.171371     39.5534706       0.0312630013     
126.106956     24.9977398       0.092836         
1.55754197     8.88819408       0.0372680016     
131.520248     59.6956444       0.0470760018     
4.10904217     -0.352658004     0.0585119985     
18.5927505     -13.1530895      0.0707340017     
41.4534569     3.23058295       0.0222679991     
42.2931709     14.6006899       0.0280169994     
24.5724468     35.3703842       0.0155400001     
343.097717     -20.6148052      0.0320219994     
200.436874     31.2468338       0.0250020009     
357.428894     -69.7006607      0.0387100019     
170.161591     -3.54619408      0.0263659991     
197.517502     -46.4417496      0.011155         
249.411667     72.373497        0.014254         
220.714951     8.76065636       0.0359079987     
78.951416      6.77759981       0.0265020002     
180.470001     -18.9727383      0.00672599999    
36.9300766     28.1769791       0.0336779989     
127.888863     -1.19940698      0.0319680013     
353.012848     -27.7255001      0.0273850001     
136.664749     19.3382683       0.0119319996     
330.591003     -18.9167786      0.00773099996    
17.7418556     0.276253015      0.0642559975     
154.212311     60.2814789       0.0312130004     
354.701782     -6.52265692      0.00551400008    
39.0155487     -17.2638206      0.0314260013     
200.216782     21.3336926       0.0903650001     
37.7657089     -20.1470833      0.0323200002     
200.303757     40.2656784       0.035769999      
21.2384109     9.55038929       0.00699899998    
252.463028     40.4321594       0.0289779995     
158.713531     16.1115475       0.0961399972     
200.257492     58.5507774       0.0533690006     
50.4266663     42.0970573       0.0179340001     
187.841049     29.1344357       0.0161269996     
91.14785       -12.6285753      0.00769999996    
255.798996     61.4572372       0.0195920002     
349.793243     9.19838333       0.0396660008     
14.0721207     -1.62953603      0.0436309986     
244.520706     21.5511112       0.0343249999     
206.556412     -9.13108921      0.0510220006     
171.409424     7.33355999       0.0746759996     
239.127213     20.0459995       0.0322620012     
199.574005     35.7071648       0.0538240001     
236.753174     -0.990256011     0.0303220004     
281.749847     45.705471        0.0153010003     
183.405457     46.4834671       0.0259690005     
291.890167     54.3864708       0.0140220001     
133.691711     39.5378075       0.013975         
24.3934879     -9.19871521      0.0691720024     
299.161072     -38.6077232      0.0175320003     
218.379929     17.02001         0.0509309992     
356.854584     28.387722        0.0289409999     
46.7298317     41.50914         0.0153710004     
207.454742     -3.08008003      0.0478110015     
226.46492      -5.6269598       0.0210980009     
31.0813313     -8.72843075      0.0170050003     
60.2242088     -66.6751709      0.0249889996     
145.089417     -6.98882198      0.0176420007     
15.8619576     32.2367783       0.0167260002     
21.5582085     -6.10388899      0.00555700017    
205.846924     -19.9436798      0.0326439999     
125.680229     22.5546951       0.0076580001     
200.780121     52.6490593       0.0308129992     
124.995018     62.8204765       0.0248440001     
188.934708     -0.221113995     0.0240170006     
106.359428     -76.0099106      0.0218930002     
196.710205     15.5756578       0.0635029972     
115.485542     -62.5191116      0.0356950015     
163.891693     -3.36630297      0.0717189983     
355.049103     27.4209976       0.0289149992     
149.801773     -9.00229454      0.0345159993     
49.9770203     41.5648613       0.0197599996     
156.022171     16.7410183       0.0197110008     
310.843323     80.154068        0.0156900007     
274.745697     16.248167        0.0147059998     
344.927521     -0.0137120001    0.0440430008     
64.9951248     -54.9440269      0.00498099998    
38.1644135     0.619417012      0.0198950004     
18.6796665     0.285331011      0.0440809987     
306.608429     2.90886497       0.0155689996     
46.7678375     16.3310833       0.0783749968     
307.148071     25.7356434       0.0132919997     
34.6635437     -6.90299988      0.0159729999     
348.939667     -1.33993006      0.0240550004     
345.819        8.87216663       0.0150619997     
41.2933311     -4.71372223      0.0254619997     
243.868286     19.2266445       0.0328220017     
52.7466049     -28.1679745      0.0771789998     
165.331375     70.6652069       0.0309219994     
31.5938759     -52.0240822      0.0191830005     
129.596588     17.6277218       0.0275950003     
144.384827     23.2006817       0.0230030008     
167.445084     -13.3807392      0.0160889998     
178.462631     33.3628616       0.0116429999     
10.4597254     -9.30530834      0.0545159988     
349.061218     -42.5696945      0.0045599998     
163.823502     -14.3003826      0.0941689983     
225.345123     -10.1806812      0.0327010006     
166.390839     19.6885281       0.0327190012     
224.18187      9.32847214       0.0804020017     
219.458664     30.4839439       0.0353249982     
203.689545     13.8539696       0.0242550001     
86.2839966     -79.3965302      0.0177689996     
215.075256     -22.1890602      0.0543060005     
184.267822     46.6274757       0.0564399995     
333.482452     13.7565136       0.0240800008     
10.5629311     -19.1935196      0.0605860017     
198.886841     3.50063992       0.0212149993     
266.776337     57.3013077       0.028012         
38.4245758     37.6689224       0.0344510004     
338.465332     20.8023605       0.0331749991     
166.910919     -29.7113781      0.0721110031     
10.2704048     6.7940712        0.037889         
184.313187     46.726799        0.0341220014     
199.178207     -55.2999687      0.0171939991     
171.259598     -9.7982893       0.00745100016    
212.515808     33.1687241       0.0670939982     
312.453552     -25.7007103      0.0189660005     
34.5834465     37.4662704       0.0381999984     
60.8596687     -5.49203014      0.0380010009     
46.2859001     37.9001999       0.0167079996     
338.530518     5.56838083       0.0138149997     
78.699173      7.0503602        0.0300660003     
323.40567      -8.16551018      0.0878200009     
324.286407     0.437166989      0.0497170016     
93.692482      -66.2169418      0.0402819999     
128.237045     -3.85793996      0.0315620005     
47.6196671     -16.4936333      0.0692040026     
49.3989944     -1.69171906      0.0277249999     
39.1590004     8.64262772       0.0395639986     
14.8504353     0.00259499997    0.0616969988     
126.925125     21.4874439       0.0151420003     
203.660995     -23.6814308      0.00981600024    
332.865967     -0.0297439992    0.0496550016     
149.749374     17.8187199       0.0265500005     
9.05723        7.1689291        0.0615019985     
181.137253     20.203167        0.0218209997     
225.944794     -3.30455589      0.0219119992     
353.504242     -13.2959204      0.0872429982     
221.986237     2.87192392       0.0645399988     
359.172089     3.22029996       0.0378010012     
19.1824589     0.794625998      0.0750439987     
308.264526     -26.2105141      0.0880099982     
23.4032497     28.1332836       0.0710880011     
175.283173     24.8196106       0.012991         
239.826996     13.6142397       0.0347989984     
51.5089188     -17.5629005      0.0140960002     
61.5610008     -8.88562965      0.0363779999     
334.049194     37.4739189       0.0169639997     
181.0215       14.0683098       0.0450240001     
314.716309     -2.97420001      0.0185630005     
54.3443336     -33.0444717      0.0387560017     
71.6664581     -26.9876385      0.0599440001     
112.572502     25.0321903       0.0432819985     
32.9613152     14.4533796       0.0879229978     
56.1258736     -44.6325684      0.00367500004    
128.972458     0.706381977      0.0143649997     
38.8609047     1.07484806       0.0933689997     
277.509918     39.9650917       0.0178939998     
335.224823     33.2926941       0.0151739996     
120.029785     58.7097511       0.0195179991     
195.812744     50.6187592       0.0241999999     
71.3583298     19.0327797       0.0717229992     
351.981293     8.77936077       0.0276549999     
80.6348801     -11.4871826      0.00814499985    
247.580521     21.0853443       0.0552700013     
14.3731499     -22.5872059      0.0419309996     
353.837097     1.17567003       0.0838619992     
320.072601     -1.68391097      0.0152000003     
191.190002     9.75961018       0.0476889983     
30.2767086     31.8789444       0.0164560005     
146.264755     64.2601395       0.0181549992     
332.095795     -10.306385       0.0812520012     
188.742981     50.851059        0.0403329991     
100.26046      -38.0386124      0.0344749987     
327.71225      -70.341362       0.0120860003     
5.71414614     6.96981907       0.0391729996     
221.447876     50.3967628       0.0137149999     
67.5383224     -17.6404877      0.0826089978     
102.653038     31.1123791       0.0183869991     
351.286713     -9.97873116      0.0683569983     
36.6522064     12.1487503       0.0267079994     
312.220947     0.191135004      0.0940089971     
142.229874     49.2381401       0.00971699972    
160.117584     9.20233345       0.0204070006     
152.690247     -3.77753997      0.0607939996     
318.436707     13.5759716       0.0158590004     
193.630417     -6.85688877      0.01657          
245.544128     -1.51425803      0.0170249995     
183.061035     56.1797523       0.0315999985     
15.861208      -4.87761116      0.0166480001     
104.614998     -28.7636604      0.00812400039    
358.386414     8.1172781        0.0159510002     
20.7390823     33.4661102       0.0127649996     
157.378174     -35.2597771      0.01083          
308.79837      64.8073349       0.00866399985    
38.0110016     -26.6659508      0.0426449999     
179.05899      60.5221329       0.0337570012     
347.59433      7.58894014       0.0378650017     
44.3917503     5.97813988       0.0223719999     
50.1309166     41.5113602       0.0144260004     
144.376007     23.1592503       0.0260470007     
359.656219     60.9853935       0.00627999986    
234.77916      9.29458046       0.0443340018     
165.401535     -6.108778        0.0392839983     
330.676788     -32.7926407      0.00800800044    
229.851547     49.4989738       0.0402729996     
60.9610825     -2.65499997      0.0661759973     
213.904663     14.2801857       0.0193119999     
355.449341     -3.66899991      0.0207880009     
229.851807     49.4990005       0.0375690013     
184.220825     -3.25806499      0.0682459995     
110.538002     -29.2265606      0.0107469996     
190.43692      35.0686378       0.0239690002     
358.356415     -15.6545296      0.0506200008     
0.895932972    23.1960182       0.0231999997     
64.526123      -63.6150703      0.0170079991     
254.494797     -62.7315826      0.0169489998     
241.059799     16.6900196       0.0448830016     
135.055618     -13.6339798      0.0320699997     
121.86425      25.1291504       0.0214159992     
211.885712     -26.5519905      0.0468989983     
249.371078     40.8806381       0.0264270008     
353.480927     4.51674986       0.0686839968     
216.168854     26.6264687       0.0378389992     
357.873077     -13.3795557      0.0228109993     
52.3633347     -37.2719154      0.0633469969     
18.4887848     0.371668011      0.0443379991     
218.576172     -37.4790955      0.014831         
345.04541      26.0992222       0.0216179993     
17.1024609     21.1515999       0.0752850026     
186.803452     9.42033291       0.00258300011    
317.266998     -26.9055004      0.0276350006     
149.753998     17.8200893       0.0268229991     
27.2929993     5.63981009       0.0161620006     
36.4537086     18.5333328       0.00420300011    
65.7071228     -82.0693588      0.0162749998     
272.336304     18.2981796       0.017918         
16.7048798     -46.9833183      0.0223609991     
1.47332001     8.43010044       0.0397379994     
241.365082     17.8302212       0.0345260017     
266.013123     33.0410423       0.0755079985     
11.6603289     36.332695        0.0359669998     
145.78157      9.65874386       0.0606620014     
192.404465     28.3293934       0.0509589985     
104.900574     59.5170021       0.0110950004     
54.0064087     1.10337698       0.0402490012     
170.969757     -5.5518198       0.0558939986     
228.476364     4.75719023       0.0425259992     
210.91275      -33.9785004      0.0147050004     
359.218262     5.50886106       0.0167880002     
197.03804      27.8263607       0.0239599999     
18.4213867     -0.101576999     0.0165410005     
37.9131241     39.3811951       0.0260189995     
167.685669     4.84753084       0.020575         
132.646454     -61.2779427      0.0225269999     
241.732712     3.00423098       0.0321730003     
200.842499     -26.1079712      0.0327249989     
318.101135     -7.81444407      0.0266009998     
315.989624     13.3683596       0.0360140018     
86.9267044     -79.2142868      0.0174150001     
36.8001556     -4.53468609      0.0633540004     
359.859131     -24.4240894      0.0496359989     
2.96026397     -0.339204997     0.0621449985     
343.336182     32.1326675       0.0203009993     
347.521057     30.2232838       0.0307659991     
17.9549255     14.6407232       0.0455580018     
47.6196518     -16.4936333      0.0704030022     
242.835083     52.8416405       0.0833849981     
180.34758      61.8927231       0.0052550002     
86.9391327     53.6090012       0.0264120009     
21.3452339     34.0250168       0.0149219995     
55.9102097     46.1590996       0.0163139999     
50.9977913     37.7585144       0.0179370008     
121.289375     66.7875595       0.0165020004     
16.3633308     37.8530693       0.019785         
170.926163     -22.2706947      0.0285260007     
294.186829     -37.5512505      0.0194070004     
271.683014     6.83878899       0.0206470005     
151.432556     10.2713003       0.025099         
8.97799969     -75.6376953      0.057523001      
296.792999     59.9166374       0.0104430001     
300.713104     49.3172722       0.0229170006     
241.812546     7.97233295       0.00958700012    
268.962219     62.5997505       0.0272150002     
222.152679     -4.74191904      0.0425590016     
331.148163     42.3257484       0.013173         
46.3219986     -39.5610275      0.0197899994     
7.46175003     31.3927441       0.0199590009     
331.405579     44.8377075       0.0165149998     
353.307922     -60.5698586      0.0143529996     
207.746185     49.3436012       0.0301089995     
247.442047     8.64183331       0.0332800001     
99.25811       44.2566719       0.0902329981     
334.77182      24.594389        0.0263379999     
24.1480427     34.0328522       0.0693610013     
206.757004     33.8933334       0.0172540005     
5.33788013     -48.6417618      0.0106149996     
305.980347     -48.354805       0.0182029996     
191.287918     -0.459024996     0.00619899994    
174.417618     57.0781898       0.073596999      
121.804626     5.68324995       0.0218490008     
45.9737511     -11.994278       0.0128859999     
74.8647919     -58.8289452      0.0450979993     
175.041916     30.0293617       0.0338129997     
6.31946087     12.8868446       0.0165100005     
37.930851      -25.0016193      0.0845609978     
275.655823     15.7021389       0.0171659999     
336.382324     38.9843102       0.0297989994     
149.826981     -19.4737759      0.0133060003     
58.5950966     -19.1817722      0.0246929992     
65.9466248     -51.6008072      0.0205659997     
105.641914     50.5902786       0.0212510005     
333.999725     -1.61073101      0.0979560018     
122.759583     5.08719397       0.0312720016     
341.105072     -0.167221993     0.0149900001     
43.2390327     1.60675597       0.0342219993     
180.884964     -43.6548119      0.0163700003     
88.1557922     66.8168793       0.0171249993     
303.499847     -44.3521652      0.0187689997     
354.485931     27.2771473       0.0268150009     
332.686798     -20.7881107      0.0611810014     
168.54599      48.3186798       0.00773000019    
195.296722     53.8159676       0.0305390004     
281.559906     35.9686852       0.0235029999     
219.312714     38.4564171       0.0126459999     
210.746994     34.7484169       0.0132229999     
177.867493     22.0263596       0.0267629996     
320.382782     0.993305981      0.0329920016     
227.311707     -11.3342218      0.00684599997    
314.125366     -18.5595284      0.0275420006     
47.7092934     1.42191696       0.0593390018     
322.74707      13.9892359       0.0275769997     
166.897873     22.8512707       0.0233180001     
337.572083     24.9932156       0.0636869967     
208.198898     5.313447         0.0850000009     
346.274414     -3.20027804      0.0308100004     
250.667633     50.5975189       0.0738319978     
226.14003      35.964035        0.0499919988     
348.805206     -44.7429161      0.0428999998     
55.5969086     39.2417488       0.0405230001     
340.4505       17.6274853       0.0851700008     
33.3192902     -7.66133308      0.0150950002     
145.806839     41.3172798       0.0454889983     
205.683456     8.09270573       0.0840099975     
37.59655       -20.6833496      0.0156020001     
216.721069     23.9352551       0.0752419978     
142.786957     46.3848343       0.0175570007     
351.772522     4.42606497       0.0397760011     
190.694916     2.65948105       0.0042150002     
52.4617348     0.0568270013     0.0365349986     
333.83197      -65.548172       0.00985400006    
36.7999878     -4.53481388      0.0674510002     
176.44104      19.770483        0.0190999992     
211.968918     9.6420002        0.0553029999     
220.600113     -17.2466602      0.0101030003     
120.556747     67.5121536       0.0850040019     
191.723953     -11.6425562      0.00945399981    
191.380829     54.7380562       0.0165679995     
329.173279     73.2969208       0.00445999997    
80.5709        -25.5963917      0.0313600004     
236.130005     16.3035603       0.0499569997     
1.00796402     -11.1688681      0.0367069989     
323.038788     -5.72599983      0.0263500009     
87.8145828     -38.3172798      0.0106539996     
202.303436     11.2724028       0.012077         
214.296799     7.36067009       0.0595009997     
75.8891068     6.65993404       0.0283359997     
255.029999     23.1323891       0.0568060018     
234.889664     32.0939522       0.0541890003     
20.4934998     -34.2120819      0.0181130003     
201.974045     -29.6185398      0.0153280003     
175.364578     -38.6342392      0.0148170004     
137.388397     50.2807846       0.0173409991     
255.896408     31.3532562       0.077376999      
45.604126      -58.1323624      0.0597670004     
203.175385     -21.8012104      0.0304879993     
217.788589     27.2360592       0.0156660005     
334.331329     35.580555        0.0198340006     
329.957153     -30.2709713      0.0553140007     
43.1946297     46.9463882       0.027485         
47.6437492     4.26966715       0.022318         
172.268204     17.2359715       0.01413          
191.015991     -5.10275507      0.0561930016     
122.929016     41.5546684       0.0321590006     
353.865356     19.2230053       0.0706010014     
145.643799     10.9931612       0.0221100003     
241.352127     1.21630001       0.0329409987     
258.000793     46.5559845       0.0229000002     
84.1320038     16.6423893       0.0176090002     
205.268661     67.6720886       0.0106349997     
185.489868     4.47180605       0.00638699997    
117.045883     28.2302895       0.0277869999     
192.10405      -5.79418278      0.0052720001     
340.114258     3.19944406       0.038079001      
146.082291     -21.2736111      0.00880399998    
351.055756     7.22861385       0.0546509996     
191.602997     11.9489174       0.0470199995     
74.5661697     -16.2994537      0.0199849997     
352.644165     -18.8915291      0.0714799985     
277.043488     -71.6941071      0.0117290001     
132.432983     12.2981167       0.0515220016     
218.486694     3.79883909       0.0307940003     
358.553986     27.4091721       0.0243999995     
272.027069     25.4087009       0.0151819997     
224.0215       45.4048233       0.0366000012     
155.918335     -35.8252106      0.0166660007     
267.051575     17.6254406       0.0209359992     
105.402664     14.1331177       0.0268409997     
244.0383       38.5480576       0.0351420008     
270.597321     26.0521393       0.015013         
328.468414     4.49523878       0.0440060012     
319.148468     -0.76988399      0.0587729998     
126.776329     21.6461391       0.0260809995     
130.050034     -4.59193993      0.0152479997     
261.580566     23.1334038       0.085878998      
171.838409     59.6300621       0.0175570007     
315.299072     21.4005089       0.0564149991     
244.248703     19.1171837       0.0368149988     
148.925583     69.6738892       0.00093899999    
177.01445      30.3563938       0.0217320006     
240.965454     39.9903908       0.0320149995     
134.271423     -20.0350399      0.0195870008     
330.454468     13.0553064       0.0307880007     
101.431252     -31.2312508      0.00981699955    
163.221924     -32.9263344      0.0120630004     
32.3214569     -23.4124355      0.0170399994     
274.620422     36.3188286       0.0210200008     
200.176666     -22.0367508      0.00798300002    
49.588707      -41.6096802      0.0656410009     
144.723129     -4.85155821      0.023271         
49.1279793     -7.05495501      0.0587229989     
74.8481674     -11.1305828      0.0129620004     
323.292664     -18.3405838      0.0489379987     
190.736252     13.2565804       0.00435099984    
144.630127     -63.9737778      0.0157399997     
80.4952927     3.48491907       0.0151049998     
14.3901901     -1.38879001      0.0438550003     
260.924194     30.4970837       0.0232469998     
334.38855      33.2559166       0.0365290008     
152.716949     -66.6473083      0.00694000022    
52.3193703     -23.9786396      0.0215649996     
14.9952183     -9.00915241      0.0562819988     
21.7568321     2.80911708       0.0745600015     
318.883423     -13.4015093      0.0544359982     
257.874512     7.99577808       0.00855400041    
332.642548     -22.6633339      0.0303809997     
36.8404312     -23.9292507      0.0163209997     
213.237793     52.7436638       0.0826369971     
207.501373     -30.5761662      0.0133039998     
26.0273705     34.3828316       0.0349549986     
26.7930832     -0.146981999     0.0825039968     
181.357605     -21.4003296      0.0331460014     
255.973557     31.5018616       0.0337570012     
258.899658     16.3238335       0.0302380007     
218.141174     -44.2243881      0.00464899978    
30.4150677     15.3328142       0.0440450013     
21.7015305     -1.23810196      0.0563689992     
32.1166687     6.38794422       0.0108279996     
9.74908638     -9.01578045      0.0192479994     
224.868713     16.6532688       0.0341270007     
167.624329     55.1608429       0.0583680011     
326.889435     5.85841703       0.0599749982     
242.164215     12.0111694       0.0164390001     
244.142166     -0.591019988     0.0167609993     
130.011597     43.4424591       0.0879520029     
343.758209     -39.659584       0.00498900004    
32.87117       -16.5102901      0.0522859991     
255.466949     79.0317383       0.0642440021     
29.1997814     -0.213722005     0.0449669994     
5.17102003     25.2290993       0.0344550014     
201.389938     -24.6522751      0.0342260003     
104.393585     -45.8123055      0.0394069999     
41.2886238     -55.7380295      0.0183380004     
178.939621     55.3255577       0.0034070001     
192.255127     -9.45291233      0.014029         
243.822586     -61.1315384      0.0166529994     
239.095978     16.5160885       0.0161620006     
299.648041     2.60452795       0.0244290009     
299.672119     -52.3565674      0.0185260009     
156.370789     -39.8308907      0.010241         
35.7386169     1.02576005       0.0880590007     
195.059631     27.9545555       0.0359279998     
133.514023     -7.18930006      0.0360600017     
328.093964     3.4218061        0.0277720001     
30.5532074     -0.0976390019    0.018778         
162.802917     19.3624992       0.0489679985     
6.72787189     36.3331146       0.0758949965     
146.706238     16.0438251       0.0210999995     
148.452591     9.19382954       0.0310730003     
244.467804     -0.333631009     0.057204999      
140.376953     -9.69162846      0.0550789982     
242.57283      22.7257996       0.033202         
268.025543     21.5659695       0.0201409999     
23.0394173     -23.0541935      0.051089         
161.066544     34.9471054       0.0681229979     
198.251724     -19.5190449      0.0104           
340.025848     24.6990757       0.0414829999     
130.236938     44.5243263       0.0908399969     
44.972374      1.16071498       0.0719150007     
241.732712     3.00423098       0.0425739996     
75.8961639     1.57144403       0.0158040002     
179.695129     15.7192783       0.0184189994     
146.132507     -12.3081999      0.0476399995     
90.2004013     -15.3992004      0.0230069999     
196.259918     28.7403088       0.0297020003     
239.127197     20.0459213       0.0325080007     
20.2284164     4.80532217       0.0329289995     
20.2891445     -4.23765087      0.0680150017     
355.467377     -8.63792038      0.0330789983     
21.0938797     3.58755994       0.0222100001     
41.667572      -1.80425406      0.0226409994     
39.0106659     43.4720879       0.0170239992     
184.812042     22.4271927       0.0232999995     
242.485245     43.1266365       0.0328000002     
254.127472     27.9760647       0.0354029983     
323.742157     -62.7353897      0.0502020009     
164.416489     37.661499        0.0360039994     
161.756012     26.5438137       0.022047         
121.394211     -11.4378614      0.00613499992    
215.084671     -9.30088997      0.0495220013     
8.68612003     -6.15955019      0.0570789985     
209.340576     -34.7734604      0.0148250004     
204.198303     5.14178085       0.0482200012     
204.369659     4.10313892       0.0240979996     
213.595001     2.97528005       0.0269130003     
169.810699     20.8089943       0.0219039991     
163.225998     23.5979996       0.0614259988     
209.571655     -23.3726883      0.0375370011     
306.675232     -12.2079601      0.0617959984     
242.768127     52.4522209       0.0634199977     
146.107086     -18.5483398      0.0611970015     
153.566727     3.46722507       0.00529999984    
178.232086     36.986557        0.00392699987    
24.8834591     33.8266792       0.0152160004     
299.053558     40.4362411       0.0151580004     
259.330139     33.4620209       0.0302499998     
79.3932114     -23.7817879      0.0313570015     
154.42363      -7.41512489      0.0656410009     
196.914413     6.33738995       0.0249279998     
24.420002      -13.31213        0.0400869995     
340.928619     24.3655777       0.0686559975     
266.293335     18.1407776       0.00999299996    
54.8489456     35.0470505       0.00251500006    
218.943832     45.1888084       0.0697740018     
355.059204     26.2032795       0.0296190009     
88.8587952     51.9095078       0.0193150006     
190.553116     -17.4020691      0.037765         
62.2589188     -1.16011095      0.0165759996     
27.1769581     -48.6493874      0.0206729993     
171.413269     22.8302917       0.0320999995     
3.7492919      -51.2109985      0.069333002      
179.107788     55.1286697       0.0042770002     
27.7231674     -36.0085602      0.0184610002     
200.82959      -19.6214085      0.017802         
128.63884      -2.54336095      0.0150520001     
350.984344     16.7749996       0.039845001      
28.887289      33.8229713       0.0865499973     
173.845184     -21.7152538      0.0133649996     
21.7749634     19.1168976       0.0420529991     
336.718842     10.4896526       0.0440040007     
287.655548     37.6547203       0.027431         
169.877426     54.4628372       0.0702809989     
346.393433     9.124259         0.0373670012     
187.785858     0.605457008      0.0241519995     
199.199631     43.5203705       0.0864590034     
199.214172     31.5866108       0.0306509994     
49.8386269     41.4902458       0.0121860001     
131.46904      43.8188438       0.0798560008     
347.855988     -1.86510003      0.0751969963     
212.263107     32.4156265       0.0573429987     
228.453949     1.86160398       0.0788939968     
48.2426682     -11.7111473      0.0571999997     
221.791916     -6.27537012      0.0717210025     
198.811707     -17.9654579      0.00953000039    
62.0918732     -9.90294361      0.0696730018     
325.820374     43.5798874       0.0176420007     
341.492279     -0.648736        0.0900719985     
176.846954     23.3648815       0.0180450007     
192.885162     40.4446068       0.0666219965     
50.9466515     40.5648766       0.0278929994     
101.009003     12.3966198       0.0135220001     
37.328125      -2.2087059       0.069352001      
325.820374     43.5798874       0.0129899997     
261.413147     59.4467773       0.01798          
139.934036     33.7637215       0.0238489993     
38.0817299     7.39947319       0.064557001      
193.705048     58.8818626       0.00905300025    
124.781044     -78.6983337      0.0187149998     
334.787018     13.1777468       0.0266689993     
48.1399994     39.3209152       0.0140629997     
176.110596     -28.4575596      0.0298839994     
66.0835419     -31.9874382      0.0254609995     
128.342834     -76.627739       0.0196720008     
250.290451     50.9724693       0.0477759987     
163.344788     16.7763615       0.00473999977    
353.120422     23.9364433       0.0158060007     
287.879669     77.8930283       0.0747039989     
153.451004     38.7631683       0.0239380002     
22.6216049     9.24035645       0.0582179986     
62.1361504     2.37866712       0.0296480004     
237.800461     25.7078075       0.021737         
218.648865     59.3344269       0.00659999996    
162.841919     8.57842827       0.0233180001     
174.6185       20.5262299       0.0268370006     
52.3927078     10.9731112       0.022597         
174.507339     -32.3308334      0.0307020005     
174.640747     25.3963509       0.0264350008     
95.4102478     -59.7140541      0.0078800004     
209.76857      33.1389694       0.0516499989     
38.3449593     9.58488941       0.0195930004     
36.4130821     24.7648888       0.0325499997     
257.546509     21.6490364       0.0147399995     
170.355423     34.3398056       0.0358819999     
65.4191284     -3.54065299      0.0387319997     
22.8466663     60.3204575       0.013971         
300.756958     -21.9134007      0.0178919993     
332.05896      -25.0615501      0.0172049999     
48.2171936     -0.203557998     0.0668160021     
18.5269585     -32.6571655      0.0110959997     
299.759491     -56.2583313      0.0400579982     
315.139069     -24.6174965      0.0466540009     
346.511658     34.1101952       0.0179120004     
5.72236395     0.775986016      0.0697719976     
306.276428     -24.8149166      0.0098240003     
303.125        -44.1097603      0.01853          
43.4920807     -21.6480198      0.03039          
178.438339     48.4224434       0.0535259992     
322.848969     43.6086655       0.0173339993     
64.1516266     2.76416707       0.0108960001     
183.661453     12.2299309       0.0651969984     
2.09641695     -20.8709164      0.068866998      
2.66779208     -49.9453621      0.0607110001     
92.2367096     -27.7958279      0.0104480004     
243.186752     28.2842216       0.024828         
243.624008     56.0681038       0.0661090016     
108.93042      -71.9194489      0.0181239992     
27.901125      19.1046944       0.0326820016     
256.801697     35.5098267       0.0280620009     
295.917877     56.1100845       0.0112699997     
204.198303     5.14178324       0.0462779999     
215.313049     61.5710831       0.0367200002     
354.341278     19.9314175       0.0539259985     
280.034576     40.1268044       0.0231199991     
340.067078     -66.4850845      0.0105490005     
191.977188     54.0105782       0.0115440004     
239.088791     36.5371971       0.066666998      
176.107574     19.7132339       0.0251209997     
343.793427     -0.410279989     0.0675830022     
211.673248     30.3187504       0.0564199984     
114.065666     -69.5063858      0.00526600005    
54.1581268     -18.3538055      0.0788419992     
345.449524     15.5864763       0.0128830001     
224.476349     18.6047325       0.0681760013     
162.105667     -25.1599503      0.0136940004     
221.777298     11.5949001       0.0299009997     
136.153809     -19.7859821      0.019692         
157.341583     29.5106392       0.00554100005    
249.769684     8.36013031       0.0454589985     
202.507324     13.4157515       0.0255180001     
26.4367924     -56.0994186      0.0877519995     
177.356171     -5.12050009      0.00991799962    
210.566666     -53.5413322      0.0132560004     
341.261932     34.0042763       0.0222229995     
201.10434      30.9561996       0.0491839983     
51.795372      46.9442215       0.0192099996     
27.7219334     33.0981293       0.0370929986     
140.866745     -23.1696491      0.0101509998     
3.7492919      16.3349991       0.0265870001     
357.412201     29.9312801       0.0164139997     
29.5656719     36.3493767       0.0149999997     
195.244583     39.8568497       0.0357690006     
338.344482     -1.35704994      0.0531979986     
216.826431     -1.67533004      0.0548570007     
230.781982     8.52938557       0.0334540009     
39.5483818     -1.31258595      0.00799299963    
269.418152     50.0388107       0.0220229998     
183.405457     46.4834671       0.0272250008     
3.7341671      -30.557806       0.0640959963     
248.332962     23.7311897       0.0333729982     
213.963379     -48.1340561      0.015292         
45.3849983     -15.0159903      0.0300210007     
339.194794     20.3587723       0.0553429984     
28.5251694     -56.6951294      0.0198589992     
1.76317        -20.6968403      0.0513820015     
27.9506092     0.263312995      0.0581800006     
86.5982513     63.3686104       0.0492830016     
47.2018509     -35.2308006      0.0144600002     
358.154907     14.5525599       0.0252410006     
253.240128     2.39347196       0.0245779995     
237.161331     -3.3176899       0.0310989991     
349.760162     13.7906532       0.0475639999     
208.162521     -2.00223994      0.0249969997     
36.434639      41.9420967       0.0185100008     
20.0601673     3.40276694       0.00675999979    
244.013596     3.05483794       0.0748500004     
202.779617     19.4771576       0.0880199969     
33.9922905     12.2373896       0.0179580003     
14.3829203     30.1852303       0.0152869998     
132.481201     56.0991707       0.0404499993     
341.802673     -19.5788612      0.0513929985     
241.388214     17.592556        0.034283001      
202.354401     11.7962351       0.0225760005     
25.4634666     -0.876398981     0.0922690034     
129.596588     17.6277218       0.0283209998     
358.070679     -22.7555199      0.0482610017     
17.7285309     -6.45386505      0.0733700022     
24.1164951     -5.67177391      0.0769419968     
25.1404171     18.5101051       0.0639799982     
191.875702     -39.5800285      0.0164659992     
109.863586     54.2300262       0.0676840022     
239.794006     14.6415005       0.0739879981     
344.914612     2.14977002       0.0499759987     
194.942062     -3.17054296      0.0889990032     
142.239838     -14.8057222      0.00787399989    
326.625427     6.41922188       0.0661400035     
164.014328     28.1443424       0.0777650028     
35.8050385     -4.51724005      0.0167750008     
202.782791     -33.2140274      0.0519739985     
306.083038     6.17452383       0.0736469999     
190.703964     10.3604174       0.0263160001     
276.710175     51.1378937       0.0327499993     
128.379562     41.5178337       0.0258510001     
10.5190001     -2.62800002      0.0505979992     
331.340759     3.35964608       0.0795420036     
43.7543716     16.0097313       0.0320780016     
65.8430862     25.4113274       0.0206950009     
111.677086     47.0933342       0.0104769999     
104.297913     20.4371223       0.0171039999     
188.509979     7.70158291       0.00304699992    
213.354141     17.7833176       0.0388659984     
75.9332886     3.4124701        0.0526739992     
32.3898468     -1.00061905      0.0424450003     
16.8479996     32.4064445       0.0164330006     
142.557053     69.1173706       0.0151490001     
252.643707     60.2763405       0.055842001      
351.176208     -8.48556137      0.0986910015     
263.697815     -2.35681605      0.0670669973     
302.509796     -0.739250004     0.0170559995     
339.554932     35.4916687       0.0258300006     
227.396927     4.87609196       0.0354919992     
56.8476295     0.877170026      0.0389069989     
342.641785     -1.54236102      0.00892699976    
35.1413689     4.45465279       0.0395409986     
236.744537     17.8840408       0.0113599999     
102.835228     45.6446037       0.0211580005     
214.698914     24.9408321       0.0181850009     
179.059967     25.3540936       0.0333199985     
330.202209     -13.1214437      0.0688190013     
213.213409     35.711071        0.0284519996     
79.1730804     6.4914999        0.0330040008     
212.418701     -0.656669974     0.0247009993     
236.376312     -13.1527901      0.0290089995     
209.9207       -25.3808002      0.0388309993     
167.386002     28.6310081       0.0391450003     
250.812759     32.6743202       0.0529510006     
25.9857292     17.0623398       0.0257849991     
193.372299     2.16083288       0.00457700016    
149.526047     10.3593998       0.0190520007     
40.1817093     -34.7405205      0.0992069989     
171.977173     27.3457794       0.0337130018     
204.16684      -33.9670258      0.0135310004     
347.68042      7.5695138        0.0429489985     
27.4314537     32.628418        0.0367130004     
38.8929482     -6.06304979      0.0300319996     
99.3136826     49.8530197       0.0194760002     
197.651627     -4.48574209      0.0271589998     
3.64437509     48.2522507       0.0169300009     
155.624588     15.0965796       0.0467710011     
121.526382     30.5466309       0.0740600005     
101.908752     74.4974976       0.0133339996     
161.637756     13.7419443       0.0112990001     
21.4667892     -1.36713004      0.0167599991     
305.50351      -51.7961922      0.0191469993     
198.757355     -15.9518747      0.00847900007    
204.558441     -20.3460464      0.041708         
145.228134     5.1406002        0.00767099997    
204.023285     -11.6213531      0.0750389993     
339.876068     8.60591698       0.0235060006     
198.457169     6.95886087       0.0250109993     
345.012207     15.9808064       0.00608999981    
320.928925     -0.843470991     0.0601579994     
71.338501      11.0673609       0.0158309992     
29.4292812     -0.179452002     0.076658003      
59.0863342     -54.0111504      0.061590001      
174.94342      -8.85966682      0.0783829987     
18.4076672     0.423875004      0.045922         
18.8254585     -6.85903883      0.0201590005     
60.4717064     -26.6639309      0.0718590021     
284.670074     43.4688606       0.0285020005     
208.36937      5.20633316       0.00364100002    
162.205414     -20.2639408      0.0140650002     
266.547943     55.2652245       0.0297660008     
317.710083     0.202056006      0.0306659993     
305.074036     -23.7435303      0.0785470009     
300.036041     -55.3676109      0.0137520004     
249.997528     12.107172        0.057604         
183.112549     29.1493492       0.0143849999     
124.472748     23.4695835       0.0145399999     
156.676544     36.6807289       0.025378         
257.760834     5.84084415       0.0223890003     
239.283951     -12.6732998      0.0237479992     
176.023346     -4.67366886      0.0582950003     
187.787506     -35.9304886      0.0209619999     
50.6734161     -37.2036095      0.00556399999    
229.869293     -9.88056374      0.0245009996     
275.764984     29.8970814       0.0265880004     
16.6864052     -11.1264353      0.041069001      
38.1315422     35.4836044       0.0392419994     
80.4581223     6.67602777       0.0321360007     
185.697464     65.851265        0.00956999976    
121.551575     -27.5626068      0.00405200012    
222.409576     25.3701992       0.0345680006     
13.1864357     -8.28544331      0.0722929984     
75.5053787     -21.1319828      0.0153350001     
136.891922     3.39225602       0.0135920001     
353.329071     25.2141171       0.0653019994     
326.561737     -46.5225296      0.0315430015     
193.141266     -9.7751894       0.00968299992    
348.820862     19.0226612       0.0145709999     
305.065002     0.217341006      0.0893199965     
5.40656424     -1.00997305      0.0828170031     
320.257202     9.18066692       0.0197379999     
169.45079      13.7282114       0.0259700008     
331.013031     -10.2182198      0.0562959984     
257.441803     62.9741707       0.0272179991     
55.6802063     -2.66937804      0.0472589992     
9.8249197      3.9500401        0.016485         
344.642822     15.1737576       0.0293920003     
91.1172485     -20.3402615      0.00996300019    
305.074036     -23.7435284      0.0781780034     
277.606445     34.103611        0.0201929994     
179.804367     20.8261547       0.0713059977     
49.3660812     -0.0864610001    0.022287         
129.602539     25.7591934       0.0192789994     
133.634293     36.5114174       0.0257709995     
215.587662     -0.39379999      0.00630800007    
77.1832886     70.4756317       0.016051         
206.929581     -30.9325066      0.0158149991     
195.180679     27.9614677       0.0276999995     
251.508087     6.46647215       0.0254289992     
146.642883     30.6553535       0.0343080014     
224.055466     18.8538876       0.0724639967     
16.8349209     32.3999405       0.0159939993     
161.236832     23.2637272       0.049922999      
156.092957     78.6065292       0.00935699977    
55.4603157     8.15693378       0.0208010003     
215.069534     15.3415499       0.0691           
179.35379      25.2026367       0.0162000004     
263.907501     8.80898952       0.0354170017     
140.719208     21.9877605       0.0355760008     
206.391159     35.6101608       0.0243919995     
184.321579     16.3715553       0.0242139995     
204.601196     9.66980171       0.088349998      
33.0306053     10.863266        0.0916580036     
167.357315     29.5732307       0.0358889997     
230.384232     -7.41321611      0.00701199984    
218.719589     40.7480202       0.0195099991     
92.8766708     -16.4846001      0.0192709994     
14.6925001     12.7458296       0.0379909985     
146.264786     64.26017         0.0193670001     
328.993683     -1.07020903      0.0706669986     
164.96759      19.7949333       0.0285800006     
312.387726     -0.761722982     0.0939100012     
49.5839882     -2.3133769       0.0277660005     
338.094482     30.8288326       0.0335000008     
35.4999161     33.2704735       0.0124819996     
256.067047     41.5103531       0.0337320007     
193.451126     -39.6971016      0.011167         
31.6128292     -0.899538994     0.0784649998     
31.4609165     18.3750648       0.0265820008     
148.684036     23.1980801       0.0719280019     
83.194252      -14.0459442      0.0105870003     
350.200043     32.502388        0.0706050023     
341.260376     8.94416428       0.0234619994     
240.713669     47.224781        0.0203900002     
198.811707     -17.9654446      0.0103000002     
241.126923     17.4687805       0.0398969986     
185.31308      -21.998806       0.0239790007     
164.688248     59.4866676       0.0225329995     
345.634125     32.5869942       0.01877          
47.4271202     40.9748001       0.0195380002     
259.876068     47.7012787       0.016694         
269.418427     27.8328056       0.0232009999     
224.866516     58.0027237       0.0746710002     
38.0909615     22.7475147       0.0399629995     
208.528458     9.41265965       0.0238179993     
159.449753     -27.0853329      0.0111490004     
75.2085037     -38.6531982      0.0560249984     
243.29892      1.59197199       0.0336179994     
200.489838     11.7357531       0.0649729967     
170.623795     56.4073715       0.0732640028     
351.710297     -0.730058014     0.0905650035     
33.7700844     -20.7662735      0.0521930009     
150.807251     1.89529204       0.0479229987     
40.286911      43.6802216       0.0221980009     
108.059776     7.23977995       0.0289479997     
156.801956     71.4154282       0.0352500007     
69.622963      44.0338402       0.0130000003     
324.286377     0.437097996      0.0488190018     
216.570602     26.2486782       0.0309239998     
18.1426678     0.291981012      0.0179200005     
324.363007     -47.0318909      0.0293240007     
177.757538     -28.7440815      0.00631099986    
158.714081     -34.4416656      0.0707610026     
18.3776245     49.6096954       0.0174669996     
353.951996     20.7087803       0.0606710017     
288.444794     -59.2896652      0.0144459996     
162.570328     -12.1088886      0.0166469999     
229.995483     4.90470409       0.0383529998     
151.43605      18.3169937       0.0815170035     
33.5306435     23.6307182       0.0317309983     
350.12738      24.7776108       0.0264909994     
336.090149     -33.6925812      0.0102810003     
308.2258       9.92852783       0.0147299999     
208.209747     -30.7064724      0.0248050001     
130.204788     73.4875412       0.0122229997     
227.956161     46.2508888       0.0185129996     
24.6503296     -4.68000984      0.0477630012     
353.651947     -4.53453302      0.00617399998    
330.418549     -21.5083942      0.0162569992     
206.252167     61.2802505       0.0351429991     
244.811417     40.4205818       0.083325997      
57.4346657     -3.26462793      0.012472         
277.924591     16.6520386       0.0156129999     
239.373749     15.8727608       0.0175579991     
281.574341     -65.7616119      0.0150889996     
203.149216     -5.27259016      0.0299440008     
157.365799     22.0128899       0.0557209998     
176.053925     33.5162773       0.0327900015     
244.126389     35.7083588       0.0281000007     
315.098999     -14.4978333      0.0260140002     
5.34625006     22.4356403       0.0199250001     
215.915848     -19.447258       0.0369889997     
70.0350037     7.3499999        0.0164509993     
103.275459     50.0394707       0.020126         
85.4832916     18.4974995       0.015346         
323.521698     10.4235077       0.0755119994     
10.6908312     -23.5583611      0.0212760009     
79.8345413     -17.6115894      0.0234949999     
272.916412     50.1809769       0.0448380001     
190.711548     -30.4121246      0.0154259996     
17.7140408     15.4611244       0.073353         
70.6027069     -21.7243309      0.0673120022     
151.707336     -7.68676376      0.0564900003     
334.573334     40.5693321       0.00288000004    
74.3642883     -0.0689809993    0.0235259999     
159.985092     58.414917        0.0718450025     
211.630417     -5.44694424      0.0103879999     
93.1391602     -14.2573996      0.0359200016     
192.196838     41.9245262       0.0278849993     
185.25325      -53.5304909      0.0208349992     
326.901001     -13.1811943      0.0169719998     
134.895462     45.9261894       0.0287449993     
327.282532     0.444222003      0.0146329999     
62.1028328     -47.8964996      0.00392800011    
42.5323334     -0.265469015     0.0284090005     
103.999542     55.4008331       0.0265650004     
226.375305     1.63399994       0.00471200002    
115.123543     10.9333096       0.0684069991     
122.311501     -18.6536388      0.0506040007     
320.177246     44.3980942       0.0114000002     
44.0886269     -32.1857681      0.0157970004     
231.995499     42.8468628       0.0188880004     
175.065994     17.4561672       0.0121290004     
144.151245     -63.9485207      0.0104179997     
257.29776      28.6063995       0.033427         
279.995575     39.9823189       0.0214499999     
160.117584     9.20230675       0.0207000002     
32.1476517     9.92136383       0.0641980022     
163.695709     61.2888908       0.0177059993     
355.89325      0.568503022      0.0813580006     
38.5210838     1.39513898       0.0724089965     
200.378052     -2.14902401      0.0357670002     
230.671326     50.9765091       0.0349269994     
43.9274597     75.1538086       0.0140199997     
259.341797     41.0667229       0.0274589993     
330.01532      -30.1842613      0.0161719993     
158.959625     -34.2728882      0.0139610004     
43.0960808     -31.8216705      0.0220589992     
22.8621674     14.2849169       0.0139309997     
64.4077072     -62.7693062      0.00432900013    
179.957504     54.8021088       0.0783340037     
210.815628     41.6039886       0.0350139998     
343.133575     11.6740828       0.0275529996     
149.801788     -9.00229168      0.0301050004     
310.166138     -54.3100662      0.010462         
169.052536     2.80808997       0.0782739967     
20.3176289     40.4986877       0.0186960008     
220.762833     -18.8790512      0.0787609965     
42.5301819     12.8459139       0.0335000008     
226.168381     6.07248306       0.0486380011     
105.681793     -28.6403332      0.00786499958    
245.679962     18.9597168       0.0368070006     
268.711426     18.3306942       0.0101640001     
30.9883194     -5.87227106      0.0558709987     
333.105316     0.851417005      0.0950969979     
144.487595     25.4946785       0.0142999999     
318.428436     -0.837790012     0.0915570036     
121.331253     22.9637794       0.0454800017     
142.09404      27.4448032       0.0337980017     
45.6187515     -24.4559727      0.0514359996     
291.08728      -25.9845562      0.019777         
320.710724     0.421636999      0.0708300024     
292.252136     -51.9710388      0.0157890003     
82.2752914     -35.193943       0.0584740005     
322.154694     1.22815001       0.0482919998     
170.49324      -13.9836702      0.0641949996     
24.5502338     41.6552658       0.0361710005     
49.2109871     80.7846222       0.00756700011    
24.2883511     -9.3524971       0.0405279994     
245.941208     9.78662491       0.0342650004     
19.0524368     0.791936994      0.0854329988     
69.9614563     7.06524992       0.015439         
189.740479     11.1294174       0.0614570007     
203.063583     84.6787033       0.0229620002     
353.719543     18.2264996       0.00339900004    
162.766556     65.7796402       0.0112589998     
175.707703     77.3702621       0.00574399997    
238.234131     65.9368591       0.0364580005     
259.458282     40.8812141       0.0311740004     
80.5709152     -25.5963917      0.0310590006     
133.644165     57.1721687       0.0173289999     
34.9720001     29.0340824       0.0158089995     
141.90004      -80.1775589      0.0179420002     
90.8193665     -26.8986092      0.0337009989     
153.209671     12.6824169       0.0105130002     
41.4586258     -17.9293728      0.0921450034     
52.4252968     -27.8772526      0.0650750026     
256.02887      25.0528393       0.0399740003     
177.270828     -9.73636055      0.0204780009     
259.457916     40.8811111       0.036373999      
9.4247303      1.76282001       0.079001002      
159.377563     65.0160522       0.0229000002     
220.387207     48.2039986       0.0300990008     
121.53083      -22.56357        0.0173339993     
358.680511     -25.6761246      0.0291099995     
262.88028      69.310997        0.0458140001     
108.874496     23.4284439       0.0218039993     
65.1338348     -38.9599686      0.0411089994     
142.551254     55.8537483       0.0255110003     
43.2390823     1.60673594       0.0351350009     
139.052597     -16.3044415      0.00924099982    
270.130341     2.43181896       0.0230299998     
341.553406     10.5592499       0.0376060009     
210.7742       54.2737236       0.00120900001    
207.059799     -11.6440496      0.0860240012     
320.889404     -8.76016712      0.0588800013     
96.8598785     -35.8400574      0.054361999      
214.129166     39.5866699       0.0261850003     
46.381382      12.0107174       0.0429299995     
150.991501     49.0411911       0.0704620034     
27.6907082     21.7598324       0.00795799959    
289.696259     -84.6972275      0.0171300005     
144.186752     -21.1476936      0.00870000012    
357.907562     20.1401749       0.0834319964     
23.5627193     -17.8120804      0.043903999      
274.898193     23.7858906       0.0162959993     
272.79953      49.8613052       0.0536930002     
1.72615302     24.9979191       0.0586370006     
15.2793331     -10.3110828      0.0289220009     
337.672516     -0.776588976     0.0884770006     
157.233215     -44.6654434      0.00947299972    
354.946472     0.205234006      0.0673440024     
3.63400006     -0.736361027     0.012023         
14.1216908     -1.22667301      0.0371100008     
8.79716682     23.2541943       0.0356439985     
338.38974      -1.16261101      0.0552049987     
116.656303     44.7895851       0.0312029999     
132.309662     36.1296425       0.0259000007     
15.6662502     -49.656971       0.02991          
348.108276     13.9136467       0.0326309986     
224.838333     -17.1525936      0.0678659976     
74.2514572     -4.76112223      0.0129000004     
36.9301643     28.1768646       0.0340999998     
169.63208      57.9770012       0.0073119998     
335.372162     -22.2627926      0.0228259992     
340.541748     19.9944859       0.0297539998     
36.4133873     24.7647743       0.0721379966     
324.921051     24.4067001       0.0370379984     
49.319149      41.3822861       0.0188480001     
121.28833      -22.5998306      0.0195509996     
46.5120811     -15.6115503      0.00822700001    
48.8002052     43.1703873       0.0494330004     
181.337112     40.9456749       0.045841001      
107.942062     49.8536339       0.0201999992     
264.687439     4.19739294       0.074134998      
243.778931     50.2785454       0.0540309995     
41.9297066     13.2541113       0.0289399996     
233.095001     41.8498917       0.0430769995     
14.7945604     27.0101109       0.0576939993     
105.731247     62.7724991       0.0153000001     
225.652298     23.3526497       0.0461190008     
229.177521     7.396626         0.0390999988     
162.90004      69.8339691       0.0683000013     
52.5536041     -0.97458601      0.0665109977     
353.337372     4.80964994       0.0168169998     
27.0952587     11.5208693       0.0162850004     
75.1731262     62.2440567       0.0172680002     
45.2997894     -0.553862989     0.060947001      
1.45217896     27.4523945       0.0239339992     
49.9342918     -27.0071335      0.0687609985     
94.663681      -54.4707909      0.0158089995     
16.3632088     37.8523598       0.0200350005     
42.2482109     3.16957998       0.013181         
177.727081     2.30598903       0.0297389999     
37.6653709     42.2358093       0.0185470004     
4.91617489     26.7636642       0.0663380027     
6.65841007     2.99559593       0.0560740009     
322.073578     -61.5499992      0.0747769997     
155.007172     56.4610291       0.0254590008     
359.737701     -2.24808311      0.0242720004     
53.3999596     -36.12714        0.00513599999    
332.290161     -47.1340218      0.00516299997    
290.120209     54.208519        0.0440439992     
290.663116     43.8908043       0.041393999      
236.663162     3.49575901       0.0417249985     
129.06311      28.067131        0.0124089997     
315.873413     -67.1836395      0.0101330001     
261.674347     13.9098501       0.0230950005     
156.767181     16.0188332       0.0334989987     
264.903229     37.868763        0.0423920006     
23.6729794     -0.605377972     0.0784889981     
171.014359     -12.2914886      0.0179880001     
230.667831     -5.9212389       0.0386990011     
190.27562      50.3912544       0.0161179993     
192.15004      -41.3259811      0.0108709997     
54.7139587     -35.5922203      0.00618200004    
19.6740837     -7.44469404      0.0167139992     
138.823456     -25.6000824      0.0544879995     
15.3980799     17.1011906       0.0293409992     
359.635254     -18.7091637      0.0329679996     
240.675125     37.3595543       0.0315340012     
346.839722     2.90783906       0.0616890006     
141.491837     34.6333656       0.0250589997     
109.491211     9.69301128       0.0292450003     
170.256424     21.3397083       0.0221529994     
46.0388336     -26.0854168      0.005076         
14.9633598     -11.0326548      0.0560950004     
140.466965     51.0018349       0.00268799998    
336.600128     21.2490635       0.0304370001     
10.4668331     32.9903336       0.0154069997     
142.65242      21.4117508       0.0826790035     
155.153793     -2.46674991      0.0639789999     
263.108582     7.0631609        0.00542700011    
154.819336     4.76167011       0.0473439991     
159.991913     24.0904675       0.0220929999     
192.511749     -14.7667112      0.0140469996     
235.059036     11.344861        0.0824759975     
195.134583     27.9780807       0.0240759999     
37.6802063     -2.938833        0.0182990003     
0.70570302     0.751233995      0.0850379989     
49.9578972     41.5052032       0.0170050003     
161.758087     17.2752209       0.00539400009    
333.668457     5.08024979       0.0248109996     
244.699829     25.1879063       0.040155001      
98.1048355     -71.5677795      0.0147799999     
164.947037     -16.8196106      0.0702529997     
215.38063      23.9482021       0.0507449992     
24.3487415     -0.311998993     0.0548759997     
350.290833     33.4002075       0.0152099999     
257.59967      26.3966408       0.0413190015     
211.686127     -34.4548416      0.0164650008     
53.3885841     -62.5540848      0.0287950002     
267.624878     -1.80251896      0.0171780009     
229.995499     4.90464687       0.0402840003     
357.959473     -27.9630566      0.0286730006     
212.490662     17.5423069       0.0169980004     
150.895828     -35.4632225      0.0500949994     
141.110245     5.17075014       0.0929069966     
341.392242     -8.75130558      0.0487830006     
201.04216      -23.8775826      0.025928         
150.022995     -34.2336922      0.0104740001     
111.251747     23.7841663       0.0189120006     
154.597168     -13.1031113      0.0313349999     
28.4266701     29.9363098       0.0247419998     
340.36203      39.289444        0.0162099991     
353.598633     -0.683075011     0.0811790004     
63.2508736     -53.9927101      0.0429349989     
46.9729156     -69.0297775      0.0359110013     
273.122345     31.27981         0.0239499994     
329.518097     -13.9986162      0.0580519997     
128.819504     48.3169708       0.0435429998     
335.636963     18.8734207       0.0227279998     
31.2664948     0.174557999      0.0766389966     
21.3460007     -18.1724434      0.0310430005     
206.741577     60.9702492       0.00714599993    
6.96198702     -1.19806302      0.0118220001     
197.991669     14.5663605       0.0276989993     
227.868378     13.4849167       0.0223760009     
186.158005     10.8380747       0.0273020007     
10.1580353     -8.88181973      0.0778459981     
108.977707     -57.3435822      0.00416000001    
247.565414     5.93298101       0.0502160005     
212.860382     1.28595996       0.0258189999     
205.920792     3.90002799       0.0241989996     
327.083679     -34.9529495      0.0153599996     
179.408539     37.4471626       0.0656770021     
308.732269     -23.1042728      0.041650001      
15.4335003     -15.5691938      0.0177510008     
317.993866     -0.218099996     0.0586449988     
152.251251     -26.6401119      0.045775         
98.5374985     -25.1846104      0.0255350005     
340.425201     -0.136911005     0.0565959997     
359.090912     32.4566879       0.015013         
334.402832     0.613341987      0.092106998      
346.827942     -13.5187874      0.0677220002     
92.1302795     64.7235641       0.0142999999     
77.9530487     5.19424915       0.0148210004     
166.826828     76.6973648       0.017337         
159.867661     5.18344212       0.0691279992     
352.125427     22.4272366       0.0104999999     
190.651749     -40.7463303      0.0158990007     
317.399292     15.1254997       0.0296480004     
150.130219     4.40721321       0.0143799996     
133.952087     78.2174149       0.00473099994    
332.976257     3.49416709       0.068723999      
120.035095     56.3686829       0.0299999993     
192.89592      26.6292782       0.0222389996     
151.449753     -17.4343605      0.0178169999     
22.4537964     -1.97697198      0.0180370007     
194.674026     -32.1238899      0.0183799993     
34.690918      -6.64191914      0.0167210009     
153.926315     55.6687088       0.0247579999     
53.7681313     -24.9441204      0.00449700002    
202.686996     32.7617798       0.0166609995     
12.6474714     4.79399204       0.0716240034     
182.028336     65.1772385       0.0048580002     
157.46814      20.6693726       0.0202409998     
142.218567     -12.8971672      0.0428479984     
8.64095688     -1.21757805      0.071525         
44.5997429     6.59295607       0.020304         
190.437057     35.0688705       0.0236000009     
263.845673     60.813694        0.0125000002     
149.01329      10.4996471       0.0311990008     
196.835495     35.7842216       0.0375140011     
7.50297308     33.292717        0.0740429983     
196.980347     34.0853043       0.0345700011     
94.0541687     57.0524712       0.0167769995     
260.924713     30.4972782       0.0298660006     
34.6575813     33.6171417       0.04318          
199.515366     42.1761093       0.0418430008     
184.881088     49.8178329       0.0143050002     
159.439163     -27.0825005      0.00872099958    
243.716156     56.3949356       0.0647649989     
326.647919     6.38986111       0.0687659979     
332.715271     2.10815001       0.0399169996     
328.366486     -34.4060097      0.0111220004     
259.959229     28.6992931       0.0810820013     
318.09729      14.7791901       0.0284410007     
117.986458     73.009613        0.0116539998     
29.4536209     36.3405571       0.0147270001     
243.223923     -21.6301765      0.0320289992     
269.874054     43.3900604       0.0252160002     
50.7530403     1.361889         0.0328149982     
274.054504     55.590889        0.0181740001     
353.599792     -0.89033401      0.0878359973     
6.32195807     12.8850555       0.0159319993     
40.9517097     32.5260277       0.0143980002     
27.9505539     0.263375998      0.0579000004     
266.032227     40.8808556       0.0391240008     
37.3228302     18.0878696       0.0142299999     
75.8047485     -22.8330994      0.0154720005     
209.609421     -34.5160904      0.0175049994     
308.246338     9.87202835       0.0143069997     
126.783882     27.8115902       0.0210420005     
162.029709     0.163499996      0.0405699983     
5.51504183     27.0406532       0.0648289993     
247.434128     40.811512        0.0294109993     
316.258148     8.27148914       0.0669040009     
318.754303     -47.2103882      0.0158210006     
185.724869     15.8090935       0.00630600005    
1.239658       -6.35464382      0.0827609971     
203.845749     -34.1602783      0.0245459992     
333.668457     5.08020401       0.0244679991     
50.5222931     -15.3876667      0.00661499985    
188.62291      2.19972205       0.00717800017    
240.538544     36.7188873       0.095054999      
38.6008339     -10.8440285      0.0151509997     
41.478611      11.1241617       0.0806370005     
147.733215     33.5526123       0.00602500001    
65.1843719     -8.59881878      0.0368719995     
12.0286674     27.6245823       0.0155640002     
208.360458     43.9134789       0.0637999997     
210.567703     -11.3523607      0.0372480005     
154.52713      21.8282394       0.00534899998    
353.174438     15.3588362       0.0513049997     
349.568909     0.261943996      0.0285500009     
332.207092     38.1513824       0.0195569992     
191.412643     35.0867119       0.0329000019     
186.129089     75.5357208       0.00574100018    
225.153503     -3.84692001      0.0234130006     
309.471863     1.22112203       0.0789079964     
25.1404209     18.5101032       0.062419001      
233.007629     68.2433701       0.0218720008     
260.690094     62.1640739       0.0261369999     
161.105789     -32.2091179      0.0109000001     
202.503342     -27.9734192      0.0356590003     
86.6969604     -16.7834167      0.00736400019    
2.86508989     -6.42730999      0.0234890003     
356.782806     29.4865284       0.0160889998     
194.224014     22.3730888       0.0227620006     
274.384216     19.4445801       0.00946300011    
174.925751     31.9088326       0.00997400004    
354.430054     -47.5109177      0.00988299958    
195.827423     -23.0657806      0.0730149969     
128.758377     -8.33777809      0.0436040014     
272.709991     31.1089725       0.0226070005     
50.5237732     -15.4008312      0.00700000022    
334.869995     29.3845825       0.0146080004     
128.828583     28.4682789       0.00795600004    
24.3233337     5.88072205       0.00955700036    
310.973206     12.5143614       0.0145060001     
235.971878     67.7618027       0.0292230006     
88.2700424     -17.8676395      0.0106739998     
85.5824966     -25.5444164      0.0302169994     
2.01307988     -36.5643883      0.0241119992     
39.6160431     29.7590103       0.0161889996     
11.9841251     22.3739605       0.0183179993     
253.705917     36.7251396       0.0709429979     
232.504547     12.9869165       0.013948         
36.909832      -1.15983295      0.00396900019    
16.4444561     -0.758832991     0.0652970001     
122.310417     0.280889004      0.0182680003     
251.810867     40.2434425       0.0295710005     
55.7114983     -1.874717        0.00891099963    
224.886337     16.6698895       0.0356209986     
10.5488291     -9.8812418       0.0532490015     
9.07487488     11.3945827       0.0347959995     
194.850021     27.9964256       0.0193140004     
337.674896     39.2931213       0.0157830007     
106.419708     50.5862503       0.0199430007     
123.377625     71.4291992       0.0175379999     
198.235031     47.4534492       0.0287619997     
224.838333     -17.1525955      0.0682260022     
320.924377     33.1146011       0.0483929999     
181.012039     20.2451248       0.0251240004     
143.914291     -17.3863602      0.0152409999     
138.750076     29.7353058       0.0219839998     
278.98645      -63.3739319      0.0110640004     
191.272079     -44.0064163      0.0172029994     
158.199997     4.19770813       0.031103         
311.390259     14.7877331       0.0492589995     
356.917328     -13.9819174      0.0807659999     
354.05838      23.69594         0.0836519971     
351.66745      -0.840276003     0.0814109966     
5.00608301     -6.33433294      0.0112610003     
202.303421     11.2723894       0.0230880007     
212.175201     -21.5965271      0.0300009996     
0.893671989    24.2178879       0.0586879998     
109.135834     -29.3255005      0.00633100001    
170.941162     -1.10588896      0.0200229995     
109.440369     23.3445683       0.00812999997    
197.742203     37.0598335       0.00393400015    
348.667969     4.53725004       0.00768599985    
162.111694     59.4954376       0.0767280012     
150.077377     54.5397415       0.00572900008    
187.983368     14.4264717       0.00869799964    
82.7650833     -19.7998009      0.0980810001     
152.33316      14.9924822       0.0320379995     
337.856506     10.7948017       0.0673710033     
311.827454     0.312599987      0.0133999996     
36.8591003     9.75015831       0.0546530001     
95.3948746     -27.2148647      0.00579399988    
47.205555      -7.0333252       0.0283940006     
41.2037354     -16.3248997      0.0762119964     
28.3306808     17.3148098       0.0779870003     
339.246704     -25.2320099      0.0103949998     
182.486877     47.0956421       0.032221999      
114.177628     74.4430008       0.0124049997     
36.3733635     41.8430595       0.0166560002     
145.813568     36.2843437       0.0218449999     
259.726532     45.5436821       0.061009001      
188.474747     -7.37858295      0.0266350005     
88.8380432     -76.9224472      0.0160019994     
163.510773     46.0267906       0.0423219986     
4.18532991     15.3420897       0.068700999      
305.893341     58.3464737       0.00970000029    
3.0065701      26.3936806       0.0138980001     
343.353912     4.79922199       0.0247360002     
174.43277      22.0095749       0.0311990008     
199.504715     -26.8459167      0.00778899994    
336.386841     -24.2389164      0.0242369995     
194.863724     14.1710501       0.00763300015    
345.534485     -4.42227602      0.0932639986     
32.8914795     23.8803177       0.0542859994     
358.554047     27.4091396       0.0225430001     
65.4512863     -15.7555904      0.0305269994     
238.358002     39.385582        0.070900999      
31.15625       21.5856819       0.0294720009     
196.375336     -8.76463318      0.0441390015     
160.674545     58.8438263       0.0321180001     
57.0824165     70.1318054       0.00371100008    
149.646255     0.74296999       0.0660300031     
226.511047     7.56154013       0.0383200012     
174.304337     15.4351645       0.014653         
332.355469     -1.648           0.0324000008     
330.454437     13.0552969       0.0301290005     
70.0350037     7.3499999        0.0161789991     
55.7579155     -53.6324425      0.0579360016     
207.246536     -30.2906933      0.016051         
311.485199     -51.3944435      0.014095         
248.614487     76.029541        0.0406000018     
6.64441681     -32.809166       0.0451610014     
196.350037     56.3241806       0.00894100033    
332.093231     -10.9725037      0.0713379979     
159.935654     15.0346603       0.0672309995     
206.461456     26.7964993       0.0512409993     
55.5703316     -4.72180605      0.0135620004     
32.7071953     34.9827347       0.0401999988     
38.4986687     20.975111        0.0135319997     
163.742462     14.2715797       0.0566850007     
34.9984589     -55.5472794      0.0596290007     
305.901093     -28.2787228      0.00944899954    
154.160919     73.4004974       0.00958499964    
346.664581     -12.5727997      0.0318860002     
194.852158     28.3476009       0.0684709996     
357.342804     19.2072811       0.0696320012     
317.282837     -18.1039505      0.0201929994     
192.422348     -11.0928898      0.0148329996     
38.0012932     1.24819398       0.0211849995     
44.4880867     46.8656082       0.0364050008     
51.5063858     40.6949158       0.0134720001     
43.5663071     42.7247658       0.0204959996     
134.585663     -65.3638153      0.0189970005     
1.70427096     8.63017845       0.0163059998     
340.670654     22.2558079       0.0965600014     
141.736542     -24.7832222      0.0090239998     
121.601425     1.03583598       0.0160569996     
189.115295     11.7578058       0.0670100003     
36.3383598     -8.6498394       0.0548119992     
17.7140427     15.4610462       0.0730530024     
234.641953     13.3479099       0.0497010015     