#redshift  mobs = mB + col2 + col3*c
0.0	  0.22      -2.1
0.500100  0.225071  -2.107758
0.600100  0.125564  -1.969392
0.700100  -0.051926  -1.835901
0.800100  -0.273728  -1.731363
0.900100  -0.507361  -1.614497
1.000100  -0.699209  -1.476392
1.100100  -0.796802  -1.336622
1.200100  -0.879996  -1.144977
1.300100  -0.928733  -0.977659
1.400100  -0.983101  -0.776542
1.500100  -1.041487  -0.569473
1.600100  -1.077049  -0.408852
1.700100  -1.170235  -0.237193
1.800100  -1.229693  -0.065154
1.900100  -1.280945  0.061055
2.000100  -1.261651  0.174384
2.100100  -1.235222  0.354611
2.200100  -1.197217  0.535328
2.300100  -1.163427  0.694604
2.400100  -1.051614  0.891786
2.500100  -0.900741  1.171568
