0.0001	23.158704200438656	0
0.00010115794542598982	23.183705253080944	0
0.00010232929922807536	23.208706317913766	0
0.0001035142166679344	23.23370739507832	0
0.00010471285480508996	23.25870848471743	0
0.00010592537251772886	23.283709586975583	0
0.00010715193052376059	23.30871070199894	0
0.00010839269140212039	23.333711829935353	0
0.00010964781961431851	23.358712970934388	0
0.00011091748152624009	23.383714125147335	0
0.0001122018454301963	23.40871529272726	0
0.00011350108156723155	23.433716473828976	0
0.0001148153621496883	23.45871766860911	0
0.00011614486138403426	23.48371887722609	0
0.0001174897554939529	23.508720099840183	0
0.00011885022274370189	23.533721336613514	0
0.00012022644346174131	23.558722587710086	0
0.00012161860006463679	23.583723853295812	0
0.0001230268770812381	23.60872513353851	0
0.00012445146117713856	23.633726428607954	0
0.00012589254117941674	23.65872773867588	0
0.00012735030810166617	23.68372906391601	0
0.00012882495516931337	23.708730404504088	0
0.00013031667784523	23.733731760617896	0
0.00013182567385564074	23.758733132437264	0
0.0001333521432163324	23.783734520144115	0
0.00013489628825916533	23.80873592392248	0
0.0001364583136588924	23.83373734395851	0
0.00013803842646028852	23.85873878044054	0
0.00013963683610559378	23.883740233559045	0
0.0001412537544622754	23.908741703506752	0
0.0001428893958511102	23.93374319047859	0
0.0001445439770745928	23.95874469467176	0
0.00014621771744567183	23.983746216285756	0
0.00014791083881682073	24.008747755522354	0
0.00014962356560944327	24.033749312585705	0
0.00015135612484362088	24.058750887682297	0
0.00015310874616820304	24.083752481021026	0
0.0001548816618912481	24.108754092813204	0
0.00015667510701081484	24.133755723272596	0
0.00015848931924611142	24.158757372615437	0
0.0001603245390690042	24.18375904106047	0
0.00016218100973589298	24.208760728828977	0
0.00016405897731995388	24.233762436144797	0
0.00016595869074375615	24.258764163234375	0
0.00016788040181225607	24.28376591032677	0
0.00016982436524617443	24.308767677653695	0
0.00017179083871575877	24.33376946544955	0
0.00017378008287493763	24.358771273951465	0
0.0001757923613958693	24.38377310339929	0
0.00017782794100389227	24.408774954035678	0
0.00017988709151287873	24.43377682610609	0
0.00018197008586099826	24.45877871985883	0
0.00018407720014689563	24.48378063554507	0
0.00018620871366628676	24.50878257341891	0
0.00018836490894898002	24.53378453373738	0
0.00019054607179632481	24.558786516760502	0
0.00019275249131909367	24.5837885227513	0
0.00019498445997580456	24.60879055197585	0
0.00019724227361148534	24.63379260470332	0
0.00019952623149688788	24.65879468120599	0
0.00020183663636815617	24.6837967817593	0
0.00020417379446695296	24.708798906641867	0
0.00020653801558105292	24.73380105613556	0
0.00020892961308540387	24.758803230525512	0
0.00021134890398366476	24.78380543010015	0
0.00021379620895022324	24.80880765515123	0
0.00021627185237270202	24.833809905973936	0
0.00021877616239495518	24.85881218286683	0
0.00022130947096056386	24.88381448613196	0
0.000223872113856834	24.908816816074857	0
0.00022646443075930594	24.933819173004608	0
0.00022908676527677723	24.95882155723388	0
0.00023173946499684798	24.983823969078962	0
0.00023442288153199226	25.008826408859804	0
0.00023713737056616554	25.033828876900078	0
0.000239883291901949	25.058831373527195	0
0.00024266100950824144	25.083833899072374	0
0.0002454708915685031	25.108836453870666	0
0.00024831331052955704	25.133839038261005	0
0.00025118864315095795	25.15884165258626	0
0.0002540972705549306	25.183844297193275	0
0.0002570395782768865	25.208846972432905	0
0.0002600159563165272	25.233849678660086	0
0.00026302679918953814	25.258852416233864	0
0.00026607250597988083	25.283855185517442	0
0.00026915348039269167	25.30885798687825	0
0.00027227013080779127	25.333860820687953	0
0.0002754228703338166	25.358863687322554	0
0.00027861211686297695	25.38386658716239	0
0.0002818382931264455	25.40886952059223	0
0.000285101826750391	25.433872488001285	0
0.00028840315031266055	25.45887548978329	0
0.0002917427014001166	25.483878526336547	0
0.0002951209226666387	25.508881598063976	0
0.000298538261891796	25.533884705373154	0
0.0003019951720402016	25.55888784867641	0
0.00030549211132155124	25.58389102839083	0
0.0003090295432513592	25.60889424493836	0
0.0003126079367123956	25.633897498745824	0
0.00031622776601683794	25.658900790244985	0
0.00031988951096913973	25.683904119872647	0
0.0003235936569296281	25.70890748807065	0
0.0003273406948788383	25.733910895285966	0
0.0003311311214825911	25.75891434197076	0
0.00033496543915782756	25.783917828582428	0
0.00033884415613920273	25.808921355583678	0
0.0003427677865464505	25.833924923442588	0
0.0003467368504525317	25.858928532632657	0
0.0003507518739525679	25.88393218363288	0
0.0003548133892335753	25.908935876927806	0
0.0003589219346450053	25.933939613007613	0
0.0003630780547701014	25.958943392368152	0
0.0003672823004980846	25.98394721551103	0
0.0003715352290971728	26.008951082943682	0
0.0003758374042884443	26.033954995179407	0
0.00038018939632056124	26.058958952737488	0
0.00038459178204535354	26.083962956143207	0
0.0003890451449942805	26.108967005927955	0
0.00039355007545577726	26.133971102629282	0
0.00039810717055349735	26.158975246790977	0
0.00040271703432545906	26.183979438963124	0
0.0004073802778041126	26.20898367970221	0
0.00041209751909733044	26.23398796957117	0
0.0004168693834703355	26.258992309139465	0
0.00042169650342858224	26.283996698983167	0
0.00042657951880159257	26.309001139685034	0
0.000431519076827765	26.334005631834586	0
0.0004365158322401661	26.359010176028182	0
0.0004415704473533125	26.384014772869097	0
0.00044668359215096305	26.409019422967617	0
0.00045185594437492264	26.434024126941097	0
0.0004570881896148752	26.45902888541406	0
0.00046238102139926034	26.484033699018287	0
0.00046773514128719813	26.509038568392878	0
0.0004731512589614803	26.534043494184356	0
0.00047863009232263854	26.55904847704675	0
0.0004841723675840994	26.584053517641667	0
0.0004897788193684461	26.60905861663841	0
0.0004954501908047905	26.634063774714036	0
0.0005011872336272725	26.659068992553472	0
0.0005069907082747044	26.684074270849585	0
0.0005128613839913648	26.70907961030329	0
0.000518800038928961	26.734085011623645	0
0.0005248074602497723	26.759090475527923	0
0.0005308844442309885	26.784096002741734	0
0.0005370317963702527	26.80910159399911	0
0.000543250331492433	26.834107250042603	0
0.0005495408738576248	26.85911297162339	0
0.0005559042572704037	26.884118759501362	0
0.0005623413251903491	26.909124614445236	0
0.0005688529308438414	26.93413053723266	0
0.0005754399373371566	26.9591365286503	0
0.0005821032177708716	26.98414258949397	0
0.0005888436553555889	27.009148720568703	0
0.0005956621435290103	27.03415492268891	0
0.0006025595860743581	27.059161196678435	0
0.0006095368972401694	27.0841675433707	0
0.0006165950018614823	27.1091739636088	0
0.0006237348354824192	27.13418045824563	0
0.000630957344480193	27.159187028143982	0
0.0006382634861905489	27.18419367417667	0
0.0006456542290346556	27.209200397226653	0
0.0006531305526474723	27.234207198187132	0
0.0006606934480075965	27.259214077961705	0
0.0006683439175686149	27.284221037464434	0
0.0006760829753919819	27.309228077620034	0
0.0006839116472814292	27.33423519936394	0
0.0006918309709189362	27.359242403642455	0
0.000699841996002273	27.38424969141289	0
0.000707945784384138	27.409257063643665	0
0.000716143410212902	27.434264521314457	0
0.0007244359600749898	27.459272065416325	0
0.0007328245331389044	27.48427969695184	0
0.0007413102413009177	27.50928741693523	0
0.0007498942093324559	27.534295226392505	0
0.0007585775750291835	27.55930312636159	0
0.0007673614893618186	27.584311117892494	0
0.0007762471166286919	27.60931920204741	0
0.0007852356346100719	27.634327379900878	0
0.0007943282347242813	27.65933565253993	0
0.0008035261221856177	27.684344021064238	0
0.0008128305161640995	27.709352486586248	0
0.0008222426499470713	27.734361050231342	0
0.0008317637711026709	27.759369713137982	0
0.0008413951416451947	27.78437847645787	0
0.0008511380382023768	27.809387341356093	0
0.0008609937521846007	27.83439630901129	0
0.0008709635899560805	27.859405380615787	0
0.0008810488730080147	27.88441455737579	0
0.0008912509381337459	27.90942384051153	0
0.000901571137605957	27.93443323125742	0
0.0009120108393559096	27.95944273086223	0
0.0009225714271547629	27.984452340589257	0
0.0009332543007969905	28.00946206171649	0
0.0009440608762859235	28.03447189553678	0
0.0009549925860214359	28.059481843358007	0
0.0009660508789898131	28.08449190650328	0
0.000977237220955811	28.109502086311096	0
0.000988553094656939	28.134512384135512	0
0.001	28.15952280134634	0
0.0010115794542598982	28.18453333932935	0
0.0010232929922807535	28.2095439994864	0
0.0010351421666793441	28.234554783235694	0
0.0010471285480508996	28.25956569201191	0
0.0010592537251772887	28.284576727266447	0
0.001071519305237607	28.30958789046758	0
0.0010839269140212038	28.334599183100664	0
0.0010964781961431851	28.35961060666836	0
0.0011091748152624009	28.384622162690818	0
0.001122018454301963	28.409633852705866	0
0.0011350108156723143	28.43464567826925	0
0.0011481536214968829	28.459657640954816	0
0.0011614486138403425	28.484669742354747	0
0.0011748975549395304	28.509681984079755	0
0.001188502227437019	28.5346943677593	0
0.001202264434617413	28.55970689504183	0
0.001216186000646368	28.58471956759498	0
0.0012302687708123812	28.60973238710582	0
0.0012445146117713844	28.634745355281048	0
0.0012589254117941675	28.65975847384725	0
0.0012735030810166615	28.684771744551135	0
0.001288249551693135	28.70978516915974	0
0.0013031667784523	28.7347987494607	0
0.0013182567385564075	28.75981248726248	0
0.001333521432163324	28.784826384394602	0
0.0013489628825916532	28.809840442707916	0
0.001364583136588924	28.834854664074847	0
0.0013803842646028853	28.859869050389623	0
0.0013963683610559376	28.884883603568557	0
0.0014125375446227555	28.90989832555031	0
0.0014288939585111037	28.934913218296117	0
0.001445439770745928	28.95992828379009	0
0.0014621771744567182	28.98494352403948	0
0.0014791083881682072	29.00995894107492	0
0.0014962356560944327	29.034974536950735	0
0.0015135612484362072	29.059990313745203	0
0.0015310874616820303	29.085006273560836	0
0.0015488166189124811	29.11002241852466	0
0.00156675107010815	29.135038750788524	0
0.001584893192461114	29.160055272529373	0
0.0016032453906900418	29.185071985949534	0
0.0016218100973589297	29.21008889327704	0
0.0016405897731995387	29.235105996765924	0
0.0016595869074375598	29.260123298696506	0
0.0016788040181225606	29.285140801375725	0
0.0016982436524617442	29.310158507137444	0
0.0017179083871575894	29.335176418342762	0
0.0017378008287493763	29.36019453738033	0
0.0017579236139586931	29.38521286666669	0
0.0017782794100389228	29.41023140864661	0
0.0017988709151287874	29.435250165793384	0
0.0018197008586099826	29.460269140609185	0
0.0018407720014689563	29.485288335625413	0
0.0018620871366628676	29.510307753403033	0
0.0018836490894898021	29.53532739653292	0
0.0019054607179632482	29.560347267636214	0
0.0019275249131909366	29.585367369364665	0
0.0019498445997580456	29.61038770440102	0
0.0019724227361148533	29.635408275459362	0
0.001995262314968879	29.6604290852855	0
0.00201836636368156	29.68545013665732	0
0.0020417379446695297	29.710471432385187	0
0.0020653801558105293	29.735492975312308	0
0.0020892961308540407	29.760514768315137	0
0.0021134890398366475	29.785536814303747	0
0.0021379620895022326	29.810559116222255	0
0.00216271852372702	29.835581677049188	0
0.002187761623949552	29.860604499797923	0
0.0022130947096056365	29.885627587517078	0
0.00223872113856834	29.910650943290932	0
0.0022646443075930596	29.935674570239854	0
0.0022908676527677745	29.96069847152071	0
0.0023173946499684796	29.985722650327325	0
0.0023442288153199225	30.010747109890893	0
0.0023713737056616554	30.035771853480426	0
0.00239883291901949	30.060796884403207	0
0.002426610095082414	30.08582220600524	0
0.002454708915685031	30.110847821671705	0
0.0024831331052955702	30.135873734827424	0
0.002511886431509582	30.160899948937328	0
0.0025409727055493063	30.185926467506935	0
0.0025703957827688645	30.210953294082827	0
0.002600159563165272	30.235980432253143	0
0.0026302679918953813	30.261007885648056	0
0.0026607250597988083	30.286035657940296	0
0.002691534803926914	30.31106375284563	0
0.0027227013080779127	30.336092174123387	0
0.002754228703338166	30.36112092557696	0
0.0027861211686297724	30.386150011054347	0
0.002818382931264455	30.41117943444867	0
0.00285101826750391	30.43620919969871	0
0.0028840315031266055	30.461239310789452	0
0.002917427014001166	30.48626977175263	0
0.0029512092266663842	30.511300586667286	0
0.0029853826189179603	30.53633175966033	0
0.003019951720402016	30.561363294907103	0
0.0030549211132155155	30.586395196631976	0
0.003090295432513592	30.611427469108882	0
0.0031260793671239557	30.63646011666197	0
0.0031622776601683794	30.661493143666164	0
0.0031988951096913972	30.68652655454776	0
0.003235936569296281	30.711560353785067	0
0.003273406948788383	30.736594545909	0
0.003311311214825911	30.761629135503718	0
0.0033496543915782794	30.786664127207267	0
0.0033884415613920273	30.811699525712193	0
0.003427677865464505	30.836735335766225	0
0.0034673685045253167	30.861771562172912	0
0.0035075187395256797	30.8868082097923	0
0.0035481338923357532	30.91184528354159	0
0.00358921934645005	30.93688278839584	0
0.003630780547701014	30.961920729388652	0
0.003672823004980846	30.986959111612833	0
0.003715352290971728	31.01199794022118	0
0.003758374042884443	31.037037220427102	0
0.0038018939632056127	31.062076957505433	0
0.0038459178204535353	31.087117156793106	0
0.003890451449942805	31.112157823689913	0
0.003935500754557773	31.137198963659273	0
0.003981071705534973	31.162240582228964	0
0.004027170343254591	31.187282684991917	0
0.00407380277804113	31.212325277606993	0
0.004120975190973304	31.237368365799746	0
0.004168693834703355	31.26241195536327	0
0.004216965034285823	31.287456052158962	0
0.004265795188015926	31.31250066211737	0
0.00431519076827765	31.337545791239005	0
0.004365158322401661	31.3625914455952	0
0.004415704473533125	31.38763763132893	0
0.004466835921509635	31.41268435465571	0
0.004518559443749226	31.437731621864426	0
0.004570881896148752	31.46277943931825	0
0.004623810213992603	31.487827813455517	0
0.004677351412871981	31.512876750790618	0
0.0047315125896148025	31.537926257914947	0
0.00478630092322638	31.56297634149779	0
0.004841723675840994	31.58802700828729	0
0.004897788193684461	31.613078265111383	0
0.004954501908047905	31.63813011887876	0
0.005011872336272725	31.663182576579835	0
0.005069907082747045	31.68823564528776	0
0.005128613839913648	31.71328933215937	0
0.005188000389289609	31.73834364443624	0
0.005248074602497723	31.763398589445686	0
0.005308844442309885	31.78845417460181	0
0.005370317963702527	31.81351040740651	0
0.005432503314924336	31.838567295450613	0
0.005495408738576248	31.86362484641488	0
0.005559042572704037	31.888683068071128	0
0.005623413251903491	31.913741968283325	0
0.005688529308438413	31.93880155500871	0
0.005754399373371567	31.96386183629891	0
0.005821032177708716	31.988922820301095	0
0.00588843655355589	32.01398451525911	0
0.005956621435290109	32.0390469295147	0
0.0060255958607435805	32.06411007150863	0
0.006095368972401693	32.08917394978194	0
0.006165950018614822	32.11423857297712	0
0.006237348354824191	32.13930394983939	0
0.00630957344480193	32.16437008921789	0
0.006382634861905483	32.189437000067	0
0.006456542290346556	32.21450469144757	0
0.006531305526474723	32.23957317252824	0
0.006606934480075964	32.264642452586756	0
0.006683439175686149	32.28971254101127	0
0.006760829753919818	32.31478344730172	0
0.006839116472814293	32.339855181071165	0
0.006918309709189363	32.36492775204718	0
0.006998419960022731	32.39000117007323	0
0.00707945784384138	32.41507544511012	0
0.00716143410212902	32.44015058723738	0
0.007244359600749906	32.46522660665477	0
0.007328245331389044	32.49030351368368	0
0.007413102413009177	32.51538131876866	0
0.007498942093324558	32.54046003247896	0
0.007585775750291836	32.56553966550996	0
0.007673614893618186	32.590620228684806	0
0.00776247116628692	32.61570173295591	0
0.007852356346100719	32.64078418940656	0
0.00794328234724282	32.665867609252544	0
0.008035261221856178	32.69095200384372	0
0.008128305161640995	32.7160373846657	0
0.008222426499470713	32.74112376334152	0
0.008317637711026709	32.766211151633314	0
0.008413951416451947	32.79129956144399	0
0.008511380382023759	32.81638900481902	0
0.008609937521846007	32.84147949394817	0
0.008709635899560805	32.866571041167234	0
0.008810488730080147	32.89166365895989	0
0.008912509381337459	32.91675735995949	0
0.00901571137605957	32.941852156950894	0
0.009120108393559097	32.96694806287237	0
0.00922571427154763	32.99204509081745	0
0.009332543007969905	33.01714325403687	0
0.009440608762859235	33.042242565940484	0
0.009549925860214359	33.06734304009927	0
0.009660508789898142	33.09244469024726	0
0.009772372209558112	33.11754753028362	0
0.00988553094656939	33.14265157427464	0
0.01	33.167756836455816	0
0.010115794542598982	33.192863331233966	0
0.010232929922807547	33.21797107318933	0
0.010351421666793441	33.2430800770777	0
0.010471285480508996	33.26819035783264	0
0.010592537251772886	33.293301930567644	0
0.01071519305237607	33.318414810578425	0
0.010839269140212038	33.34352901334509	0
0.01096478196143185	33.36864455453454	0
0.01109174815262401	33.39376145000268	0
0.01122018454301963	33.418879715796834	0
0.011350108156723155	33.44399936815813	0
0.01148153621496883	33.46912042352387	0
0.011614486138403426	33.49424289852998	0
0.011748975549395291	33.51936681001352	0
0.01188502227437019	33.544492175015165	0
0.012022644346174132	33.5696190107817	0
0.012161860006463679	33.594747334768684	0
0.012302687708123811	33.61987716464298	0
0.012445146117713857	33.645008518285394	0
0.012589254117941675	33.67014141379341	0
0.012735030810166616	33.69527586948381	0
0.012882495516931335	33.72041190389548	0
0.013031667784523	33.745549535792165	0
0.013182567385564075	33.77068878416528	0
0.01333521432163324	33.79582966823675	0
0.013489628825916533	33.82097220746192	0
0.013645831365889252	33.84611642153246	0
0.013803842646028852	33.87126233037933	0
0.013963683610559377	33.89640995417578	0
0.01412537544622754	33.92155931334041	0
0.014288939585111037	33.94671042854021	0
0.01445439770745928	33.9718633206937	0
0.014621771744567183	33.99701801097409	0
0.014791083881682071	34.02217452081247	0
0.014962356560944343	34.04733287190109	0
0.015135612484362087	34.07249308619656	0
0.015310874616820304	34.09765518592327	0
0.01548816618912481	34.12281919357671	0
0.015667510701081484	34.14798513192687	0
0.01584893192461114	34.17315302402174	0
0.016032453906900418	34.19832289319078	0
0.0162181009735893	34.223494763048464	0
0.016405897731995387	34.24866865749793	0
0.016595869074375613	34.27384460073455	0
0.016788040181225608	34.29902261724964	0
0.016982436524617443	34.32420273183422	0
0.017179083871575875	34.34938496958277	0
0.017378008287493762	34.374569355897094	0
0.01757923613958693	34.39975591649015	0
0.01778279410038923	34.42494467739004	0
0.017988709151287873	34.45013566494396	0
0.018197008586099843	34.475328905822266	0
0.018407720014689564	34.500524427022505	0
0.018620871366628676	34.52572225587363	0
0.018836490894898	34.55092242004015	0
0.019054607179632484	34.57612494752638	0
0.019275249131909367	34.60132986668076	0
0.019498445997580455	34.626537206200176	0
0.019724227361148535	34.65174699513446	0
0.01995262314968881	34.676959262890776	0
0.02018366363681562	34.70217403923819	0
0.020417379446695295	34.727391354312246	0
0.02065380155810529	34.75261123861962	0
0.020892961308540386	34.77783372304286	0
0.021134890398366475	34.803058838845075	0
0.021379620895022326	34.82828661767485	0
0.0216271852372702	34.853517091571064	0
0.02187761623949552	34.87875029296791	0
0.022130947096056387	34.903986254699866	0
0.0223872113856834	34.9292250100068	0
0.022646443075930594	34.954466592539106	0
0.022908676527677724	34.979711036362914	0
0.023173946499684798	35.00495837596539	0
0.023442288153199226	35.030208646260036	0
0.023713737056616554	35.05546188259218	0
0.023988329190194897	35.080718120744386	0
0.024266100950824168	35.10597739694202	0
0.02454708915685031	35.13123974785893	0
0.024831331052955704	35.156505210623045	0
0.025118864315095794	35.18177382282224	0
0.025409727055493065	35.207045622510094	0
0.025703957827688646	35.232320648211854	0
0.026001595631652722	35.257598938930386	0
0.026302679918953815	35.28288053415227	0
0.026607250597988113	35.3081654738539	0
0.026915348039269166	35.33345379850773	0
0.027227013080779128	35.358745549088546	0
0.02754228703338166	35.38404076707985	0
0.027861211686297693	35.409339494480285	0
0.02818382931264455	35.434641773810185	0
0.028510182675039096	35.459947648118174	0
0.028840315031266057	35.48525716098787	0
0.02917427014001166	35.510570356544626	0
0.02951209226666387	35.53588727946242	0
0.029853826189179603	35.56120797497078	0
0.03019951720402016	35.58653248886179	0
0.030549211132155123	35.61186086749724	0
0.03090295432513592	35.637193157815794	0
0.03126079367123956	35.66252940734025	0
0.03162277660168379	35.68786966418497	0
0.03198895109691397	35.71321397706329	0
0.03235936569296284	35.73856239529508	0
0.03273406948788383	35.763914968814376	0
0.03311311214825911	35.78927174817713	0
0.03349654391578276	35.81463278456901	0
0.03388441561392028	35.83999812981331	0
0.03427677865464505	35.86536783637896	0
0.034673685045253165	35.89074195738864	0
0.03507518739525679	35.916120546626935	0
0.035481338923357565	35.94150365854866	0
0.03589219346450054	35.96689134828722	0
0.03630780547701014	35.99228367166309	0
0.036728230049808464	36.017680685192396	0
0.03715352290971724	36.04308244609558	0
0.03758374042884443	36.0684890123062	0
0.038018939632056124	36.09390044247975	0
0.03845917820453535	36.11931679600266	0
0.03890451449942805	36.14473813300136	0
0.03935500754557776	36.170164514351455	0
0.039810717055349734	36.195596001686965	0
0.04027170343254591	36.22103265740973	0
0.04073802778041126	36.24647454469884	0
0.04120975190973304	36.271921727520265	0
0.04168693834703355	36.29737427063646	0
0.042169650342858224	36.3228322396162	0
0.04265795188015926	36.34829570084442	0
0.04315190768277655	36.37376472153223	0
0.04365158322401661	36.399239369726985	0
0.044157044735331254	36.42471971432246	0
0.0446683592150963	36.45020582506916	0
0.04518559443749226	36.47569777258474	0
0.04570881896148752	36.50119562836443	0
0.04623810213992603	36.52669946479173	0
0.046773514128719815	36.55220935514906	0
0.04731512589614808	36.57772537362858	0
0.04786300923226385	36.60324759534311	0
0.04841723675840994	36.62877609633715	0
0.04897788193684462	36.65431095359798	0
0.049545019080479	36.67985224506691	0
0.05011872336272725	36.705400049650606	0
0.050699070827470445	36.73095444723247	0
0.05128613839913648	36.75651551868421	0
0.0518800038928961	36.78208334587747	0
0.052480746024977286	36.80765801169551	0
0.053088444423098846	36.83323960004509	0
0.05370317963702527	36.85882819586836	0
0.05432503314924331	36.884423885154895	0
0.05495408738576248	36.91002675495379	0
0.05559042572704037	36.935636893385905	0
0.05623413251903491	36.96125438965613	0
0.05688529308438413	36.986879334065854	0
0.05754399373371572	37.01251181802537	0
0.05821032177708716	37.0381519340665	0
0.0588843655355589	37.06379977585526	0
0.059566214352901034	37.08945543820462	0
0.06025595860743581	37.115119017087316	0
0.060953689724016935	37.14079060964881	0
0.06165950018614822	37.16647031422024	0
0.06237348354824192	37.19215823033155	0
0.06309573444801936	37.21785445872461	0
0.0638263486190549	37.243559101366465	0
0.06456542290346556	37.26927226146262	0
0.06531305526474723	37.2949940434704	0
0.06606934480075957	37.320724553112434	0
0.06683439175686148	37.34646389739007	0
0.06760829753919818	37.37221218459698	0
0.06839116472814293	37.39796952433275	0
0.06918309709189363	37.423736027516554	0
0.06998419960022738	37.44951180640082	0
0.0707945784384138	37.47529697458505	0
0.0716143410212902	37.50109164702954	0
0.07244359600749899	37.52689594006923	0
0.07328245331389044	37.5527099714276	0
0.07413102413009177	37.57853386023048	0
0.07498942093324558	37.60436772702001	0
0.07585775750291836	37.63021169376854	0
0.07673614893618194	37.65606588389254	0
0.07762471166286919	37.68193042226659	0
0.07852356346100718	37.70780543523724	0
0.07943282347242814	37.733691050637006	0
0.08035261221856177	37.75958739779823	0
0.08128305161640995	37.78549460756699	0
0.08222426499470713	37.811412812316995	0
0.08317637711026708	37.83734214596337	0
0.08413951416451956	37.86328274397647	0
0.08511380382023767	37.889234743395626	0
0.08609937521846008	37.9151982828428	0
0.08709635899560805	37.94117350253625	0
0.08810488730080138	37.967160544304015	0
0.08912509381337459	37.99315955159742	0
0.09015711376059571	38.01917066950442	0
0.09120108393559097	38.04519404476287	0
0.09225714271547629	38.07122982577369	0
0.09332543007969915	38.09727816261386	0
0.09440608762859236	38.12333920704937	0
0.09549925860214359	38.1494131125479	0
0.09660508789898131	38.175500034291495	0
0.09772372209558111	38.20160012918895	0
0.0988553094656939	38.22771355588805	0
0.1	38.25384047478767	0
0.10115794542598983	38.2799810480496	0
0.10232929922807547	38.306135439610166	0
0.10351421666793441	38.332303815191665	0
0.10471285480508996	38.358486342313505	0
0.10592537251772886	38.384683190303086	0
0.10715193052376071	38.41089453030645	0
0.10839269140212039	38.43712053529859	0
0.1096478196143185	38.463361380093446	0
0.11091748152624009	38.48961724135364	0
0.11220184543019641	38.51588829759984	0
0.11350108156723154	38.54217472921965	0
0.1148153621496883	38.56847671847639	0
0.11614486138403426	38.59479444951717	0
0.11748975549395303	38.62112810838079	0
0.1188502227437019	38.647477883005074	0
0.12022644346174131	38.67384396323381	0
0.12161860006463679	38.700226540823174	0
0.1230268770812381	38.72662580944772	0
0.12445146117713857	38.75304196470576	0
0.12589254117941676	38.7794752041243	0
0.12735030810166617	38.805925727163384	0
0.12882495516931336	38.83239373521979	0
0.13031667784523	38.858879431630214	0
0.13182567385564073	38.885383021673746	0
0.1333521432163324	38.91190471257375	0
0.13489628825916533	38.93844471349901	0
0.13645831365889252	38.96500323556415	0
0.13803842646028852	38.9915804918294	0
0.13963683610559377	39.01817669729954	0
0.1412537544622754	39.044792068922014	0
0.14288939585111038	39.07142682558431	0
0.1445439770745928	39.09808118811044	0
0.14621771744567183	39.12475537925652	0
0.1479108388168207	39.15144962370551	0
0.14962356560944343	39.17816414806093	0
0.15135612484362088	39.20489918083965	0
0.15310874616820302	39.23165495246368	0
0.1548816618912481	39.258431695250906	0
0.15667510701081502	39.28522964340475	0
0.15848931924611143	39.31204903300272	0
0.16032453906900418	39.33889010198388	0
0.16218100973589297	39.36575309013503	0
0.16405897731995386	39.392638239075794	0
0.16595869074375613	39.4195457922424	0
0.16788040181225605	39.44647599487018	0
0.16982436524617442	39.47342909397474	0
0.17179083871575876	39.500405338331824	0
0.17378008287493762	39.52740497845574	0
0.17579236139586932	39.55442826657632	0
0.1778279410038923	39.58147545661449	0
0.17988709151287874	39.608546804156234	0
0.18197008586099844	39.63564256642508	0
0.18407720014689563	39.66276300225293	0
0.18620871366628675	39.6899083720493	0
0.18836490894898	39.71707893776886	0
0.19054607179632482	39.74427496287726	0
0.19275249131909367	39.77149671231518	0
0.19498445997580455	39.79874445246059	0
0.19724227361148533	39.8260184510892	0
0.19952623149688808	39.85331897733294	0
0.20183663636815619	39.88064630163659	0
0.20417379446695297	39.90800069571236	0
0.20653801558105292	39.935382432492545	0
0.2089296130854041	39.96279178608002	0
0.21134890398366477	39.990229031696714	0
0.21379620895022325	40.017694445629864	0
0.21627185237270202	40.045188305176154	0
0.21877616239495518	40.07271088858357	0
0.22130947096056386	40.10026247499099	0
0.223872113856834	40.12784334436544	0
0.22646443075930595	40.155453777437046	0
0.22908676527677724	40.18309405563154	0
0.23173946499684797	40.21076446100032	0
0.23442288153199228	40.23846527614802	0
0.23713737056616552	40.266196784157614	0
0.239883291901949	40.2939592685129	0
0.24266100950824168	40.32175301301839	0
0.2454708915685031	40.349578301716576	0
0.24831331052955705	40.37743541880252	0
0.25118864315095796	40.40532464853572	0
0.25409727055493064	40.43324627514924	0
0.25703957827688645	40.461200582756035	0
0.2600159563165272	40.48918785525253	0
0.26302679918953814	40.51720837621926	0
0.26607250597988114	40.545262428818695	0
0.26915348039269166	40.57335029569018	0
0.2722701308077913	40.60147225884192	0
0.2754228703338166	40.62962859954	0
0.2786121168629772	40.65781959819448	0
0.2818382931264455	40.68604553424245	0
0.285101826750391	40.71430668602812	0
0.28840315031266056	40.74260333067984	0
0.2917427014001166	40.77093574398413	0
0.2951209226666387	40.79930420025665	0
0.298538261891796	40.82770897221004	0
0.3019951720402016	40.85615033081884	0
0.30549211132155124	40.884628545181265	0
0.30902954325135923	40.91314388237788	0
0.31260793671239556	40.94169660732733	0
0.31622776601683794	40.97028698263897	0
0.3198895109691397	40.99891526846242	0
0.32359365692962844	41.027581722334205	0
0.32734069487883827	41.05628659902132	0
0.3311311214825911	41.08503015036186	0
0.3349654391578276	41.113812625102696	0
0.33884415613920277	41.14263426873427	0
0.34276778654645046	41.17149532332247	0
0.34673685045253166	41.20039602733775	0
0.35075187395256796	41.22933661548142	0
0.3548133892335757	41.25831731850923	0
0.3589219346450053	41.287338363052264	0
0.3630780547701014	41.31639997143532	0
0.36728230049808464	41.34550236149262	0
0.3715352290971728	41.37464574638121	0
0.3758374042884443	41.40383033439188	0
0.38018939632056126	41.43305632875783	0
0.38459178204535355	41.462323927461185	0
0.3890451449942805	41.491633323037384	0
0.39355007545577764	41.52098470237758	0
0.3981071705534973	41.55037824652919	0
0.4027170343254591	41.579814130494675	0
0.4073802778041126	41.60929252302876	0
0.4120975190973304	41.638813586434104	0
0.41686938347033553	41.66837747635563	0
0.4216965034285822	41.697984341573736	0
0.42657951880159256	41.727634323796416	0
0.43151907682776547	41.75732755745049	0
0.4365158322401661	41.78706416947219	0
0.4415704473533125	41.816844279097225	0
0.44668359215096304	41.84666799765048	0
0.4518559443749226	41.8765354283356	0
0.4570881896148752	41.90644666602468	0
0.46238102139926035	41.936401797048156	0
0.4677351412871981	41.966400898985285	0
0.47315125896148075	41.996444040455295	0
0.47863009232263853	42.02653128090949	0
0.48417236758409943	42.0566626704246	0
0.48977881936844614	42.08683824949754	0
0.4954501908047905	42.1170580488419	0
0.5011872336272725	42.14732208918634	0
0.5069907082747045	42.17763038107535	0
0.5128613839913648	42.20798292467237	0
0.518800038928961	42.23837970956583	0
0.5248074602497729	42.26882071457816	0
0.5308844442309885	42.29930590757832	0
0.5370317963702527	42.32983524529788	0
0.5432503314924331	42.36040867315113	0
0.5495408738576248	42.3910261250595	0
0.5559042572704037	42.42168752328059	0
0.5623413251903491	42.452392778242086	0
0.5688529308438414	42.48314178838097	0
0.5754399373371573	42.51393443998826	0
0.5821032177708716	42.5447706070597	0
0.588843655355589	42.57565015115259	0
0.5956621435290104	42.60657292124931	0
0.6025595860743581	42.637538753627595	0
0.6095368972401694	42.66854747173807	0
0.6165950018614822	42.69959888608941	0
0.6237348354824191	42.73069279414121	0
0.6309573444801936	42.761828980205216	0
0.638263486190549	42.79300721535494	0
0.6456542290346556	42.82422725734421	0
0.6531305526474723	42.85548885053481	0
0.6606934480075964	42.88679172583356	0
0.6683439175686149	42.91813560063918	0
0.6760829753919819	42.94952017879919	0
0.6839116472814293	42.9809451505771	0
0.6918309709189363	43.01241019263023	0
0.6998419960022738	43.04391496799838	0
0.707945784384138	43.07545912610358	0
0.716143410212902	43.10704230276123	0
0.7244359600749899	43.13866412020274	0
0.7328245331389045	43.170324187110054	0
0.7413102413009177	43.202022098662	0
0.7498942093324559	43.23375743659292	0
0.7585775750291835	43.26552976926354	0
0.7673614893618194	43.29733865174429	0
0.776247116628692	43.329183625911185	0
0.7852356346100718	43.36106422055442	0
0.7943282347242814	43.39297995149965	0
0.8035261221856177	43.424930321742096	0
0.8128305161640995	43.45691482159355	0
0.8222426499470712	43.488932928842104	0
0.8317637711026709	43.52098410892484	0
0.8413951416451956	43.55306781511327	0
0.8511380382023768	43.585183488711465	0
0.8609937521846007	43.61733055926692	0
0.8709635899560805	43.64950844479386	0
0.8810488730080147	43.68171655200903	0
0.8912509381337459	43.71395427657961	0
0.9015711376059571	43.746221003383184	0
0.9120108393559097	43.77851610677957	0
0.9225714271547638	43.81083895089411	0
0.9332543007969915	43.84318888991225	0
0.9440608762859236	43.87556526838515	0
0.9549925860214359	43.90796742154589	0
0.9660508789898131	43.94039467563591	0
0.9772372209558111	43.972846348241426	0
0.9885530946569391	44.00532174863931	0
1.	44.037820178152025	0
1.0115794542598984	44.07034093051115	0
1.0232929922807537	44.10288329222908	0
1.035142166679343	44.13544654297833	0
1.0471285480509007	44.16802995597793	0
1.0592537251772898	44.20063279838643	0
1.071519305237607	44.23325433170093	0
1.0839269140212038	44.265893812161515	0
1.096478196143185	44.29855049116061	0
1.1091748152624008	44.33122361565652	0
1.122018454301963	44.363912428590695	0
1.1350108156723142	44.396616169307975	0
1.1481536214968842	44.429334073979284	0
1.1614486138403437	44.46206537602597	0
1.1748975549395304	44.49480930654542	0
1.188502227437019	44.52756509473706	0
1.2022644346174132	44.560331968328136	0
1.2161860006463678	44.59310915399884	0
1.2302687708123812	44.6258958778058	0
1.2445146117713843	44.6586913656036	0
1.2589254117941662	44.69149484346355	0
1.273503081016663	44.724305538089055	0
1.288249551693135	44.75712267722713	0
1.3031667784523	44.789945490075276	0
1.3182567385564075	44.822773207683255	0
1.333521432163324	44.85560506334919	0
1.3489628825916533	44.8884402930093	0
1.3645831365889238	44.921278135621016	0
1.3803842646028839	44.95411783353858	0
1.3963683610559392	44.986958632881084	0
1.4125375446227555	45.01979978389201	0
1.4288939585111036	45.052640541290295	0
1.4454397707459279	45.08548016461209	0
1.4621771744567182	45.11831791854313	0
1.4791083881682072	45.151153073241126	0
1.4962356560944328	45.18398490464808	0
1.513561248436207	45.21681269479193	0
1.5310874616820318	45.249635732077536	0
1.5488166189124828	45.28245331156649	0
1.5667510701081502	45.315264735245826	0
1.584893192461114	45.34806931228513	0
1.6032453906900417	45.38086635928217	0
1.6218100973589298	45.41365520049671	0
1.6405897731995387	45.44643516807255	0
1.6595869074375598	45.47920560224764	0
1.678804018122559	45.511965851552354	0
1.698243652461746	45.544715272995674	0
1.7179083871575893	45.57745323223963	0
1.7378008287493762	45.61017910376172	0
1.7579236139586931	45.64289227100572	0
1.7782794100389228	45.67559212651577	0
1.7988709151287874	45.7082780720822	0
1.8197008586099825	45.740949518831414	0
1.8407720014689544	45.77360588734731	0
1.8620871366628695	45.80624660776107	0
1.8836490894898021	45.83887111983407	0
1.9054607179632483	45.87147887303024	0
1.9275249131909367	45.904069326578046	0
1.9498445997580456	45.93664194952237	0
1.9724227361148534	45.96919622076666	0
1.9952623149688788	46.00173162910557	0
2.01836636368156	46.03424767324838	0
2.041737944669532	46.066743861833636	0
2.0653801558105314	46.09921971343515	0
2.089296130854041	46.13167475655996	0
2.1134890398366477	46.1641085296383	0
2.1379620895022327	46.1965205810062	0
2.16271852372702	46.22891046888088	0
2.1877616239495516	46.261277761329424	0
2.2130947096056364	46.293622036231014	0
2.2387211385683425	46.32594288123314	0
2.264644307593062	46.35823989370209	0
2.290867652767775	46.390512680668195	0
2.3173946499684797	46.42276085876603	0
2.344228815319923	46.45498405417004	0
2.371373705661655	46.48718190252589	0
2.39883291901949	46.51935404887791	0
2.4266100950824145	46.55150014759295	0
2.4547089156850284	46.58361986228098	0
2.4831331052955727	46.61571286571279	0
2.5118864315095824	46.64777883973495	0
2.5409727055493065	46.67981747518264	0
2.570395782768865	46.711828471790305	0
2.6001595631652723	46.74381153810062	0
2.6302679918953813	46.77576639137198	0
2.6607250597988084	46.80769275748475	0
2.691534803926914	46.83959037084662	0
2.7227013080779154	46.87145897347092	0
2.754228703338169	46.90329831806265	0
2.786121168629772	46.935108164405726	0
2.818382931264455	46.96688827803753	0
2.85101826750391	46.99863843551287	0
2.8840315031266055	47.030358420388566	0
2.917427014001166	47.06204802407697	0
2.951209226666384	47.093707045751	0
2.985382618917963	47.125335292249815	0
3.019951720402019	47.15693257798527	0
3.0549211132155154	47.18849872484945	0
3.090295432513592	47.220033562123035	0
3.126079367123956	47.25153692638493	0
3.1622776601683795	47.28300866142297	0
3.198895109691397	47.31444861814598	0
3.235936569296281	47.34585665449704	0
3.2734069487883795	47.37723263536812	0
3.3113112148259143	47.40857643251612	0
3.3496543915782793	47.43988792448023	0
3.3884415613920273	47.471166996500784	0
3.4276778654645046	47.5024135404394	0
3.4673685045253166	47.53362745470066	0
3.5075187395256795	47.564808644155015	0
3.5481338923357533	47.5959570200632	0
3.58921934645005	47.62707250000187	0
3.6307805477010175	47.65815500779058	0
3.67282300498085	47.689204473420006	0
3.715352290971728	47.72022083298135	0
3.7583740428844434	47.75120402859694	0
3.801893963205613	47.78215400835188	0
3.8459178204535354	47.813070726226734	0
3.890451449942805	47.843954142031166	0
3.9355007545577725	47.87480422133847	0
3.9810717055349776	47.90562093542095	0
4.027170343254594	47.93640426118593	0
4.07380277804113	47.9671541811126	0
4.120975190973304	47.997870683235156	0
4.168693834703355	48.028553760901126	0
4.216965034285822	48.05920341297251	0
4.265795188015925	48.08981964359336	0
4.31519076827765	48.12040246217027	0
4.365158322401657	48.150951883311414	0
4.41570447353313	48.18146792676557	0
4.4668359215096345	48.21195061736123	0
4.5185594437492265	48.24239998494564	0
4.570881896148752	48.27281606432363	0
4.623810213992603	48.30319889519628	0
4.677351412871981	48.33354852209929	0
4.731512589614803	48.36386499434095	0
4.7863009232263805	48.3941483659397	0
4.841723675840999	48.42439869556121	0
4.897788193684466	48.45461604645488	0
4.954501908047906	48.484800486389766	0
5.011872336272725	48.51495208758979	0
5.0699070827470445	48.545070926668295	0
5.1286138399136485	48.5751570845618	0
5.188000389289609	48.60521064646299	0
5.248074602497723	48.63523170175286	0
5.30884444230989	48.66522034393196	0
5.370317963702533	48.69517667055084	0
5.432503314924336	48.72510078313948	0
5.4954087385762485	48.75499278713585	0
5.559042572704037	48.784852791813506	0
5.623413251903491	48.81468091020821	0
5.688529308438413	48.84447725904367	0
5.754399373371567	48.8742419586562	0
5.82103217770871	48.903975132918525	0
5.888436553555896	48.933676909162614	0
5.95662143529011	48.96334741810157	0
6.025595860743581	48.99298679375062	0
6.095368972401694	49.02259517334721	0
6.165950018614822	49.05217269727025	0
6.237348354824191	49.081719508958514	0
6.30957344480193	49.11123575482823	0
6.3826348619054825	49.140721584189926	0
6.456542290346563	49.170177149164566	0
6.531305526474729	49.19960260459898	0
6.606934480075965	49.2289981079807	0
6.683439175686149	49.25836381935218	0
6.760829753919819	49.28769990122081	0
6.839116472814292	49.31700651848599	0
6.918309709189363	49.34628383833259	0
6.998419960022731	49.37553203015556	0
7.0794578438413875	49.40475126546929	0
7.161434102129027	49.433941717819536	0
7.244359600749906	49.46310356269531	0
7.328245331389044	49.49223697744057	0
7.413102413009177	49.521342141165945	0
7.498942093324558	49.55041923466047	0
7.585775750291836	49.57946844030346	0
7.673614893618185	49.60848994197657	0
7.762471166286912	49.6374839249761	0
7.852356346100726	49.666450575925616	0
7.943282347242821	49.69539008268897	0
8.035261221856176	49.7243026342838	0
8.128305161640995	49.75318842079558	0
8.222426499470712	49.78204763329219	0
8.317637711026709	49.81088046373923	0
8.413951416451948	49.83968710491607	0
8.51138038202376	49.86846775033264	0
8.609937521846016	49.897222594147145	0
8.709635899560814	49.925951831084646	0
8.810488730080147	49.9546556563567	0
8.91250938133746	49.983334265581966	0
9.01571137605957	50.01198785470797	0
9.120108393559097	50.04061661993397	0
9.225714271547629	50.069220757635115	0
9.332543007969905	50.09780046428774	0
9.440608762859245	50.12635593639608	0
9.549925860214369	50.154887370420255	0
9.660508789898142	50.1833949627057	0
9.772372209558112	50.211878909413976	0
9.885530946569391	50.24033940645513	0
10.	50.26877664942146	0