0.0010115794542598982	28.185314403325677	-0.001647448132932346
0.0010232929922807535	28.21033408625197	-0.0016665245055874907
0.0010351421666793441	28.235353996748465	-0.0016858217679117412
0.0010471285480508996	28.260374137442227	-0.0017053424775808252
0.0010592537251772887	28.285394510990535	-0.0017250892218830711
0.001071519305237606	28.31041512008126	-0.0017450646180641864
0.0010839269140212038	28.33543596743319	-0.0017652713136731206
0.0010964781961431851	28.36045705579641	-0.0017857119869128912
0.0011091748152624009	28.385478387952624	-0.0018063893469956766
0.001122018454301963	28.41049996671555	-0.001827306134502327
0.0011350108156723154	28.435521794931255	-0.0018484651217440175
0.0011481536214968829	28.460543875478564	-0.0018698691131313794
0.0011614486138403425	28.485566211269386	-0.0018915209455449098
0.001174897554939529	28.510588805249142	-0.0019134234887105352
0.001188502227437019	28.535611660397112	-0.001935579645582083
0.001202264434617413	28.56063477972682	-0.0019579923527232607
0.001216186000646368	28.585658166286457	-0.001980664580698181
0.0012302687708123812	28.61068182315925	-0.0020035993344645515
0.0012445146117713857	28.635705753463867	-0.002026799653772146
0.0012589254117941675	28.660729960354818	-0.0020502686135653574
0.0012735030810166615	28.68575444702288	-0.0020740093243906323
0.0012882495516931337	28.710779216695496	-0.0020980249328083635
0.0013031667784523	28.735804272637196	-0.0021223186218107793
0.0013182567385564075	28.760829618150012	-0.0021468936112423137
0.001333521432163324	28.78585525657393	-0.0021717531582269366
0.0013489628825916532	28.8108811912873	-0.0021969005576001235
0.001364583136588924	28.835907425707276	-0.0022223391423445765
0.0013803842646028853	28.860933963290265	-0.0022480722840323526
0.0013963683610559376	28.88596080753237	-0.0022741033932709696
0.001412537544622754	28.91098796196985	-0.002300435920156815
0.0014288939585111022	28.93601543017956	-0.0023270733547297922
0.001445439770745928	28.961043215779434	-0.002354019227437966
0.0014621771744567182	28.986071322428923	-0.0023812771096042014
0.0014791083881682072	29.011099753829512	-0.0024088506138998348
0.0014962356560944327	29.03612851372516	-0.002436743394822573
0.0015135612484362087	29.061157605902796	-0.0024649591491812685
0.0015310874616820303	29.086187034192807	-0.002493501616585588
0.0015488166189124811	29.111216802469535	-0.0025223745799418254
0.0015667510701081486	29.13624691465177	-0.0025515818659527234
0.001584893192461114	29.161277374703275	-0.002581127345626335
0.0016032453906900418	29.186308186633262	-0.002611014934787222
0.0016218100973589297	29.211339354496932	-0.0026412485945964646
0.0016405897731995387	29.236370882396002	-0.00267183233207558
0.0016595869074375613	29.261402774479222	-0.0027027702006373992
0.0016788040181225606	29.286435034942905	-0.002734066300624074
0.0016982436524617442	29.31146766803148	-0.0027657247798488797
0.0017179083871575877	29.336500678038025	-0.0027977498341462373
0.0017378008287493763	29.36153406930483	-0.0028301457079284095
0.0017579236139586931	29.386567846223947	-0.0028629166947462784
0.0017782794100389228	29.41160201323776	-0.0028960671378592123
0.0017988709151287874	29.436636574839554	-0.0029296014308096635
0.0018197008586099826	29.46167153557409	-0.0029635240180062618
0.0018407720014689563	29.486706900038186	-0.0029978393953110226
0.0018620871366628676	29.511742672881304	-0.003032552110636059
0.0018836490894898002	29.536778858806173	-0.003067666764546019
0.0019054607179632482	29.56181546256935	-0.0031031880108666025
0.0019275249131909366	29.586852488981858	-0.0031391205573019676
0.0019498445997580456	29.611889942909798	-0.003175469166057582
0.0019724227361148533	29.63692782927496	-0.0032122386544716584
0.001995262314968879	29.661966153055467	-0.0032494338956525625
0.0020183663636815616	29.687004919286416	-0.0032870598191251125
0.0020417379446695297	29.712044133060488	-0.003325121411482705
0.0020653801558105293	29.73708379952864	-0.0033636237170481544
0.0020892961308540386	29.762123923900752	-0.003402571838541767
0.0021134890398366475	29.78716451144627	-0.003441970937757531
0.0021379620895022326	29.812205567494903	-0.0034818262362460574
0.00216271852372702	29.837247097437295	-0.0035221430160073354
0.002187761623949552	29.86228910672572	-0.0035629266201885274
0.0022130947096056387	29.887331600874752	-0.0036041824537934542
0.00223872113856834	29.912374585462004	-0.003645915984397245
0.0022646443075930596	29.937418066128807	-0.0036881327428707087
0.0022908676527677724	29.962462048580946	-0.0037308383241132716
0.0023173946499684796	29.98750653858939	-0.003774038387793685
0.0023442288153199225	30.012551541990998	-0.003817738659099093
0.0023713737056616554	30.0375970646893	-0.0038619449294938204
0.00239883291901949	30.06264311265521	-0.003906663057486169
0.002426610095082414	30.087689691927807	-0.003951898969403872
0.002454708915685031	30.112736808615104	-0.0039976586601801
0.0024831331052955702	30.137784468894807	-0.004043948194144833
0.0025118864315095794	30.162832679015104	-0.004090773705831195
0.0025409727055493063	30.18788144529547	-0.004138141400785051
0.0025703957827688645	30.212930774127436	-0.00418605755638796
0.002600159563165272	30.237980671975443	-0.0042345285226882586
0.0026302679918953813	30.263031145377614	-0.004283560723241784
0.0026607250597988083	30.28808220094662	-0.004333160655962251
0.0026915348039269166	30.31313384537048	-0.0043833348939819805
0.0027227013080779127	30.338186085413447	-0.004434090086521735
0.002754228703338166	30.36323892791681	-0.00448543295977154
0.0027861211686297693	30.38829237979981	-0.004537370317781049
0.002818382931264455	30.413346448060476	-0.0045899090433601806
0.00285101826750391	30.438401139776524	-0.00464305609899075
0.0028840315031266055	30.463456462106237	-0.004696818527747622
0.002917427014001166	30.488512422289382	-0.004751203454231705
0.002951209226666387	30.513569027648106	-0.00480621808551333
0.0029853826189179603	30.53862628558786	-0.004861869712085049
0.003019951720402016	30.563684203598335	-0.004918165708828718
0.0030549211132155124	30.588742789254397	-0.004975113535989477
0.003090295432513592	30.613802050217036	-0.005032720740165481
0.0031260793671239557	30.638861994234333	-0.005090994955305324
0.0031622776601683794	30.663922629142427	-0.005149943903719144
0.0031988951096913972	30.688983962866498	-0.005209575397100481
0.003235936569296281	30.714046003421757	-0.005269897337560763
0.003273406948788383	30.739108758914444	-0.005330917718674015
0.003311311214825911	30.764172237542844	-0.005392644626536903
0.003349654391578276	30.78923644759833	-0.00545508624083624
0.0033884415613920273	30.814301397466362	-0.005518250835934106
0.003427677865464505	30.83936709562756	-0.0055821467819608655
0.0034673685045253167	30.864433550658738	-0.005646782545924288
0.0035075187395256797	30.889500771234	-0.00571216669282891
0.0035481338923357532	30.914568766125807	-0.005778307886810725
0.0035892193464500534	30.939637544206057	-0.005845214892282029
0.003630780547701014	30.964707114447197	-0.005912896575092722
0.003672823004980846	30.989777485923334	-0.005981361903702083
0.003715352290971728	31.01484866781137	-0.006050619950366629
0.003758374042884443	31.03992066939212	-0.006120679892339759
0.0038018939632056127	31.06499350005148	-0.006191551013085709
0.0038459178204535353	31.090067169281582	-0.006263242703508592
0.003890451449942805	31.115141686681966	-0.00633576446319403
0.003935500754557773	31.140217061960765	-0.006409125901665846
0.003981071705534973	31.165293304935908	-0.006483336739658167
0.004027170343254591	31.190370425536315	-0.0065584068104002444
0.004073802778041126	31.215448433803154	-0.006634346060917609
0.004120975190973304	31.240527339891045	-0.006711164553347693
0.004168693834703355	31.265607154069322	-0.006788872466271062
0.004216965034285823	31.29068788672329	-0.0068674800960567516
0.004265795188015926	31.315769548355508	-0.006946997858225209
0.00431519076827765	31.34085214958707	-0.00702743628882455
0.004365158322401661	31.365935701158918	-0.007108806045824938
0.004415704473533125	31.391020213933135	-0.007191117910526924
0.0044668359215096305	31.4161056988943	-0.007274382788988092
0.004518559443749226	31.44119216715081	-0.007358611713464245
0.004570881896148752	31.46627962993624	-0.0074438158438691095
0.004623810213992603	31.491368098610728	-0.007530006469248387
0.004677351412871981	31.51645758466234	-0.007617195009273755
0.0047315125896148025	31.541548099708482	-0.0077053930157513495
0.004786300923226385	31.5666396554973	-0.007794612174149669
0.004841723675840994	31.591732263909115	-0.007884864305143725
0.004897788193684461	31.616825936957866	-0.00797616136617789
0.004954501908047905	31.641920686792567	-0.008068515453046073
0.005011872336272725	31.667016525698756	-0.008161938801490598
0.005069907082747045	31.69211346610002	-0.008256443788818622
0.005128613839913648	31.717211520559463	-0.008352042935538677
0.005188000389289609	31.742310701781236	-0.008448748907014844
0.005248074602497723	31.76741102261207	-0.00854657451514008
0.005308844442309885	31.79251249604281	-0.008645532720029058
0.005370317963702527	31.81761513520999	-0.0087456366317309
0.0054325033149243305	31.84271895339741	-0.00884689951196037
0.005495408738576248	31.86782396403772	-0.00894933477585064
0.005559042572704037	31.892930180714032	-0.009052955993724403
0.005623413251903491	31.91803761716156	-0.009157776892887328
0.005688529308438413	31.943146287269244	-0.009263811359440436
0.005754399373371567	31.96825620508141	-0.009371073440113564
0.005821032177708716	31.993367384799463	-0.0094795773441218
0.00588843655355589	32.01847984078354	-0.009589337445040093
0.005956621435290103	32.04359358755427	-0.009700368282702192
0.0060255958607435805	32.068708639794444	-0.009812684565120014
0.006095368972401693	32.09382501235079	-0.009926301170425093
0.006165950018614822	32.11894272023574	-0.010041233148832712
0.006237348354824191	32.144061778629144	-0.010157495724629002
0.00630957344480193	32.16918220288016	-0.010275104298179107
0.0063826348619054896	32.19430400850897	-0.010394074447960958
0.006456542290346556	32.21942721120868	-0.010514421932620232
0.006531305526474723	32.24455182684711	-0.0106361626930495
0.006606934480075964	32.26967787146869	-0.010759312854492506
0.006683439175686149	32.29480536129632	-0.01088388872867027
0.006760829753919818	32.31993431273331	-0.011009906815933987
0.006839116472814293	32.345064742365246	-0.011137383807440004
0.006918309709189363	32.37019666696195	-0.011266336587352524
0.006998419960022731	32.39533010347944	-0.011396782235069782
0.00707945784384138	32.42046506906188	-0.011528738027476027
0.00716143410212902	32.44560158104361	-0.011662221441218824
0.007244359600749898	32.4707396569511	-0.01179725015501457
0.007328245331389044	32.495879314505046	-0.011933842051977001
0.007413102413009177	32.521020571622344	-0.012072015221976328
0.007498942093324558	32.546163446418234	-0.01221178796402169
0.007585775750291836	32.57130795720832	-0.012353178788672722
0.007673614893618186	32.596454122510714	-0.01249620642047893
0.00776247116628692	32.62160196104816	-0.012640889800446751
0.007852356346100719	32.646751491750145	-0.012787248088533239
0.007943282347242814	32.67190273375511	-0.012935300666170962
0.008035261221856178	32.69705570641262	-0.013085067138820206
0.008128305161640995	32.72221042928553	-0.01323656733854924
0.008222426499470713	32.747366922152274	-0.013389821326647306
0.008317637711026709	32.772525205009046	-0.013544849396263643
0.008413951416451947	32.79768529807214	-0.01370167207507956
0.008511380382023767	32.82284722178014	-0.013860310128009397
0.008609937521846007	32.848010996796305	-0.014020784559933303
0.008709635899560805	32.87317664401086	-0.0141831166184599
0.008810488730080147	32.898344184543376	-0.01434732779672188
0.008912509381337459	32.92351363974507	-0.014513439836202423
0.00901571137605957	32.948685031201265	-0.014681474729593911
0.009120108393559097	32.97385838073377	-0.014851454723690862
0.00922571427154763	32.99903371040332	-0.015023402322312437
0.009332543007969905	33.02421104251199	-0.01519734028926147
0.009440608762859235	33.04939039960574	-0.015373291651315518
0.009549925860214359	33.074571804476854	-0.015551279701252339
0.009660508789898131	33.09975528016647	-0.015731328000909282
0.009772372209558112	33.12494084996713	-0.015913460384278818
0.00988553094656939	33.15012853742532	-0.0160977009606364
0.01	33.17531836634407	-0.016284074117708113
0.010115794542598987	33.20051036078556	-0.016472604524870364
0.010232929922807542	33.225704545073725	-0.01666331713638693
0.010351421666793441	33.25090094379691	-0.01685623719468435
0.010471285480508996	33.276099581810534	-0.01705139023366213
0.010592537251772886	33.301300484239825	-0.01724880208204271
0.010715193052376065	33.32650367648246	-0.017448498866756947
0.010839269140212033	33.351709184211366	-0.017650507016369762
0.01096478196143185	33.376917033377424	-0.017854853264543294
0.01109174815262401	33.40212725021229	-0.018061564653540786
0.011220184543019636	33.42733986123118	-0.018270668537768483
0.01135010815672315	33.45255489323571	-0.0184821925873581
0.01148153621496883	33.47777237331671	-0.018696164791789226
0.011614486138403426	33.50299232885713	-0.0189126134635545
0.011748975549395297	33.52821478753491	-0.019131567241863347
0.011885022274370183	33.553439777325906	-0.019353055096389224
0.012022644346174132	33.57866732650682	-0.019577106331058625
0.012161860006463679	33.60389746365817	-0.019803750587882873
0.012302687708123818	33.62913021766725	-0.020033017850832686
0.01244514611771385	33.65436561773117	-0.02026493844975655
0.012589254117941675	33.67960369335986	-0.020499543064342266
0.012735030810166616	33.70484447437911	-0.020736862728125607
0.012882495516931342	33.73008799093367	-0.020976928832538655
0.013031667784522994	33.755334273490334	-0.021219773131010578
0.013182567385564075	33.780583352841056	-0.021465427743107827
0.01333521432163324	33.80583526010608	-0.021713925158725368
0.01348962882591654	33.831090026737115	-0.021965298242320255
0.013645831365889245	33.856347684520536	-0.022219580237198437
0.013803842646028852	33.88160826558055	-0.02247680476984313
0.013963683610559377	33.906871802382476	-0.022737005854296242
0.014125375446227547	33.93213832773594	-0.02300021789658595
0.01428893958511103	33.95740787479819	-0.02326647569920441
0.014454397707459272	33.98268047707741	-0.023535814465635012
0.014621771744567183	34.00795616843597	-0.023808269804931486
0.014791083881682071	34.03323498309382	-0.02408387773634523
0.014962356560944336	34.058516955631845	-0.024362674694005843
0.01513561248436208	34.08380212099524	-0.024644697531652927
0.015310874616820304	34.10909051449691	-0.02492998352742062
0.01548816618912481	34.13438217182092	-0.025218570388674585
0.015667510701081494	34.1596771290259	-0.02551049625690272
0.015848931924611134	34.18497542254856	-0.025805799712659543
0.016032453906900418	34.21027708920717	-0.026104519780565775
0.0162181009735893	34.23558216620503	-0.026406695934362453
0.016405897731995397	34.260890691134065	-0.026712368102020177
0.016595869074375606	34.28620270197833	-0.02702157667090607
0.016788040181225608	34.3115182371176	-0.027334362493005467
0.016982436524617443	34.33683733533097	-0.027650766890202176
0.017179083871575886	34.36216003580043	-0.027970831659616113
0.017378008287493755	34.38748637811456	-0.028294599078999665
0.01757923613958693	34.41281640227213	-0.02862211191219197
0.01778279410038923	34.438150148685786	-0.0289534134146337
0.017988709151287884	34.46348765818573	-0.029288547338941595
0.018197008586099836	34.488828972023455	-0.029627557940543697
0.018407720014689564	34.51417413187545	-0.029970489983374808
0.018620871366628676	34.53952317984693	-0.03031738874563537
0.01883649089489801	34.564876158475634	-0.030668300025611227
0.019054607179632473	34.59023311073558	-0.031023270147557017
0.019275249131909356	34.61559408004086	-0.031382345967642875
0.019498445997580455	34.640959110249455	-0.031745574879965134
0.019724227361148535	34.66632824566708	-0.032113004822621256
0.0199526231496888	34.691701531051	-0.032484684283851276
0.020183663636815608	34.71707901161392	-0.0328606623082433
0.020417379446695295	34.742460733027826	-0.03324098850300698
0.02065380155810529	34.7678467414279	-0.03362571304431267
0.020892961308540396	34.79323708341642	-0.034014886683698474
0.021134890398366465	34.81863180606666	-0.03440856075454641
0.021379620895022326	34.84403095692685	-0.034806787178626286
0.0216271852372702	34.86943458402408	-0.03520961847270801
0.02187761623949553	34.89484273586828	-0.03561710775524648
0.022130947096056376	34.920255461456186	-0.03602930875313445
0.0223872113856834	34.9456728102753	-0.03644627580852699
0.022646443075930594	34.9710948323079	-0.03686806388573905
0.022908676527677734	34.996521578035015	-0.03729472857821284
0.023173946499684784	35.02195309844043	-0.03772632611555963
0.023442288153199226	35.04738944501472	-0.038162913370675455
0.023713737056616554	35.072830669759256	-0.03860454786692865
0.02398832919019491	35.09827682519025	-0.039051287785423626
0.024266100950824154	35.12372796434275	-0.039503191972339674
0.02454708915685031	35.149184140774715	-0.0399603199463435
0.024831331052955704	35.17464540857107	-0.040422731906081706
0.025118864315095808	35.20011182234771	-0.040890488737745596
0.02540972705549305	35.22558343725559	-0.04136365202271672
0.025703957827688632	35.251060308984755	-0.04184228404528919
0.026001595631652722	35.27654249376843	-0.04232644780046902
0.026302679918953815	35.302030048387024	-0.04281620700185545
0.0266072505979881	35.32752303017223	-0.04331162608959889
0.026915348039269153	35.35302149701104	-0.043812770238440636
0.027227013080779128	35.37852550734985	-0.04431970536583148
0.02754228703338166	35.404035120198444	-0.04483249814013411
0.027861211686297706	35.42955039513408	-0.04535121598890381
0.028183829312644536	35.45507139230551	-0.04587592710725364
0.028510182675039096	35.48059817243703	-0.046406700466300806
0.028840315031266057	35.506130796832466	-0.04694360582169694
0.029174270140011675	35.53166932737923	-0.0474867137222412
0.029512092266663854	35.55721382655229	-0.04803609551857747
0.029853826189179603	35.5827643574182	-0.04859182337197583
0.03019951720402016	35.60832098363902	-0.04915397026320013
0.030549211132155137	35.63388376947635	-0.049722610001457654
0.030902954325135904	35.65945277979523	-0.050297817233438055
0.03126079367123956	35.68502808006811	-0.05087966745243582
0.03162277660168379	35.710609736378714	-0.05146823700756071
0.031988951096913985	35.736197815426	-0.05206360311303269
0.03235936569296283	35.76179238452799	-0.052665843857567354
0.03273406948788383	35.78739351162563	-0.05327503821384521
0.03311311214825911	35.81300126528663	-0.0538912660480707
0.03349654391578278	35.83861571470926	-0.0545146081296191
0.033884415613920256	35.86423692972612	-0.05514514614077132
0.03427677865464505	35.88986498080788	-0.055782962686536264
0.034673685045253165	35.91549993906701	-0.05642814130456393
0.03507518739525679	35.941141876261476	-0.05708076647514564
0.03548133892335755	35.966790864798334	-0.05774092363130405
0.03589219346450052	35.99244697773739	-0.05840869916897209
0.03630780547701014	36.018110288794766	-0.059084180457261964
0.036728230049808464	36.0437808723464	-0.05976745584882172
0.03715352290971726	36.0694588034316	-0.06045861469028356
0.037583740428844416	36.09514415775642	-0.06115774733280077
0.038018939632056124	36.12083701169711	-0.0618649451426717
0.03845917820453535	36.14653744230344	-0.06258030051205864
0.03890451449942807	36.172245527302024	-0.06330390686978922
0.03935500754557775	36.19796134509956	-0.06403585869225337
0.039810717055349734	36.22368497478602	-0.06477625151438389
0.04027170343254591	36.249416496137776	-0.06552518194072977
0.04073802778041128	36.275155989620714	-0.06628274765661785
0.04120975190973302	36.300903536393214	-0.06704904743939841
0.04168693834703355	36.3266592183091	-0.06782418116978493
0.042169650342858224	36.35242311792055	-0.06860824984327689
0.04265795188015928	36.37819531848088	-0.06940135558167242
0.043151907682776526	36.40397590394729	-0.0702036016446657
0.04365158322401661	36.429764958983554	-0.0710150924415316
0.044157044735331254	36.45556256896258	-0.07183593354289604
0.04466835921509633	36.4813688199689	-0.07266623169259082
0.04518559443749224	36.50718379880115	-0.07350609481959154
0.04570881896148752	36.53300759297435	-0.07435563205004278
0.04623810213992603	36.55884029072218	-0.07521495371935992
0.046773514128719815	36.584681980999115	-0.07608417138441878
0.04731512589614805	36.610532753482495	-0.07696339783582082
0.047863009232263824	36.63639269857448	-0.07785274711024318
0.04841723675840994	36.6622619074039	-0.07875233450286105
0.04897788193684462	36.68814047182802	-0.07966227657985313
0.04954501908047903	36.71402848443416	-0.08058269119098012
0.05011872336272722	36.73992603854123	-0.08151369748223818
0.050699070827470445	36.76583322820116	-0.08245541590858589
0.05128613839913648	36.79175014820016	-0.083407968246744
0.05188000389289612	36.81767689405993	-0.08437147760806282
0.05248074602497726	36.843613562038655	-0.08534606845146016
0.053088444423098846	36.86956024913197	-0.086331866596424
0.05370317963702527	36.89551705307369	-0.08732899923608176
0.054325033149243335	36.921484072336476	-0.08833759495032975
0.054954087385762455	36.947461406132305	-0.08935778371902459
0.05559042572704037	36.97344915441287	-0.09038969693523123
0.05623413251903491	36.99944741786971	-0.091433467418529
0.05688529308438416	37.02545629793432	-0.09248922942836711
0.057543993733715694	37.05147589677798	-0.09355711867747456
0.05821032177708716	37.07750631731152	-0.0946372723453148
0.0588843655355589	37.10354766318483	-0.09572982909158667
0.05956621435290106	37.12960003878629	-0.09683492906976647
0.06025595860743578	37.155663549241936	-0.09795271394068862
0.060953689724016935	37.18173830041449	-0.09908332688616121
0.06165950018614822	37.20782439890219	-0.10022691262261428
0.06237348354824192	37.23392195203747	-0.10138361741477409
0.06309573444801933	37.26003106788536	-0.10255358908936396
0.06382634861905485	37.28615185524175	-0.10373697704882263
0.06456542290346556	37.31228442363144	-0.10493393228504025
0.06531305526474723	37.33842888330598	-0.10614460739310548
0.06606934480075961	37.36458534524125	-0.10736915658505951
0.06683439175686146	37.39075392113488	-0.10860773570365194
0.06760829753919818	37.4169347234034	-0.10986050223609457
0.06839116472814293	37.443127865179186	-0.11112761532780625
0.06918309709189366	37.469333460307155	-0.11240923579614623
0.06998419960022735	37.4955516233412	-0.11370552614412587
0.0707945784384138	37.52178246954043	-0.11501665057409882
0.0716143410212902	37.548026114865074	-0.11634277500141707
0.07244359600749903	37.57428267597222	-0.11768406706805343
0.07328245331389041	37.60055227021118	-0.11904069615617587
0.07413102413009177	37.626835015618724	-0.12041283340167648
0.07498942093324558	37.65313103091386	-0.12180065170763926
0.0758577575029184	37.6794404354925	-0.12320432575774323
0.0767361489361819	37.70576334942172	-0.12462403202959511
0.07762471166286919	37.7320998934338	-0.12605994880797888
0.07852356346100718	37.758450188919866	-0.1275122561980194
0.07943282347242818	37.784814357923366	-0.12898113613824583
0.08035261221856173	37.81119252313308	-0.13046677241355173
0.08128305161640995	37.83758480787591	-0.13196935066803783
0.08222426499470713	37.86399133610932	-0.13348905841773165
0.08317637711026708	37.89041223241341	-0.13502608506317107
0.08413951416451952	37.916847621982676	-0.136580621901845
0.08511380382023763	37.94329763061743	-0.13815286214047626
0.08609937521846008	37.96976238471486	-0.1397430009071413
0.08709635899560805	37.996242011259696	-0.1413512352632092
0.08810488730080142	38.02273663781456	-0.14297776421509487
0.08912509381337455	38.0492463925099	-0.14462278872580758
0.09015711376059571	38.075771404033596	-0.14628651172628812
0.09120108393559097	38.10231180162008	-0.14796913812651727
0.09225714271547633	38.12886771503919	-0.149670874826387
0.0933254300796991	38.1554392745845	-0.15139193072631477
0.09440608762859236	38.182026611061346	-0.15313251673759082
0.09549925860214359	38.20862985577432	-0.15489284579244272
0.09660508789898135	38.235249140514476	-0.15667313285380227
0.09772372209558107	38.261884597545986	-0.15847359492475738
0.0988553094656939	38.28853635959243	-0.1602944510576745
0.1	38.31520455982259	-0.1621359223629745
0.10115794542598983	38.34188933183587	-0.16399823201754374
0.10232929922807547	38.368590809647166	-0.16588160527276535
0.10351421666793441	38.395309127671325	-0.1677862694621466
0.10471285480508996	38.422044420707095	-0.16971245400853188
0.10592537251772886	38.44879682392067	-0.17166039043087272
0.10715193052376071	38.47556647282863	-0.17363031235054288
0.10839269140212039	38.50235350328049	-0.17562245549717104
0.1096478196143185	38.52915805144067	-0.1776370577139752
0.11091748152624009	38.55598025377004	-0.17967435896257383
0.1122018454301963	38.58282024700684	-0.1817346013272508
0.11350108156723154	38.60967816814721	-0.1838180290186542
0.1148153621496883	38.636554154425035	-0.18592488837690027
0.11614486138403426	38.66344834329138	-0.18805542787406376
0.11748975549395291	38.690360872393335	-0.19020989811602365
0.1188502227437019	38.71729187955229	-0.19238855184364181
0.12022644346174131	38.74424150274169	-0.19459164393324768
0.12161860006463679	38.77120988006418	-0.19681943139639935
0.1230268770812381	38.79819714972823	-0.19907217337889624
0.12445146117713857	38.825203450024155	-0.20135013115901232
0.12589254117941676	38.85222891929952	-0.20365356814491806
0.12735030810166617	38.87927369593403	-0.20598274987126722
0.12882495516931336	38.90633791831377	-0.20833794399491098
0.13031667784523	38.93342172480482	-0.21071942028970828
0.13182567385564073	38.96052525372636	-0.21312745064040411
0.1333521432163324	38.987648643323034	-0.2155623090355364
0.13489628825916533	39.01479203173679	-0.21802427155934018
0.13645831365889252	39.04195555697805	-0.22051361638261271
0.13803842646028852	39.069139356896265	-0.22303062375250388
0.13963683610559377	39.09634356914983	-0.22557557598119538
0.1412537544622754	39.12356833117536	-0.22814875743342736
0.14288939585111038	39.15081378015631	-0.2307504545128411
0.1445439770745928	39.178080052990964	-0.2333809556470869
0.14621771744567183	39.205367286259765	-0.23604055127167026
0.1479108388168207	39.23267561619196	-0.23872953381248188
0.14962356560944343	39.26000517863165	-0.2414481976669787
0.15135612484362088	39.28735610900307	-0.24419683918396762
0.15310874616820302	39.314728542275326	-0.24697575664195073
0.1548816618912481	39.34212261292636	-0.2497852502259843
0.15667510701081486	39.36953845490628	-0.25262562200300814
0.15848931924611143	39.396976201600026	-0.2554971758955985
0.16032453906900418	39.42443598578933	-0.25840021765409166
0.16218100973589297	39.451917939614034	-0.2613350548270417
0.16405897731995386	39.479422194532674	-0.2643019967299487
0.16595869074375613	39.50694888128245	-0.2673013544122162
0.16788040181225605	39.534498129838425	-0.2703334406222845
0.16982436524617442	39.56207006937217	-0.2733985697708889
0.17179083871575876	39.58966482820958	-0.2764970578923879
0.17378008287493762	39.61728253378811	-0.2796292226041095
0.17579236139586932	39.644923312613315	-0.2827953830636588
0.1778279410038923	39.672587290214686	-0.28599585992413856
0.17988709151287874	39.700274591100836	-0.28923097528721736
0.18197008586099844	39.727985338714	-0.2925010526539956
0.18407720014689563	39.75571965538384	-0.29580641687360953
0.18620871366628675	39.78347766228068	-0.2991473940895158
0.18836490894898	39.81125947936795	-0.30252431168340044
0.19054607179632482	39.83906522535406	-0.30593749821664556
0.19275249131909367	39.866895017643635	-0.3093872833693035
0.19498445997580455	39.89474897228801	-0.31287399787651415
0.19724227361148533	39.922627203935235	-0.31639797346230225
0.19952623149688808	39.95052982577927	-0.31995954277069816
0.20183663636815619	39.97845694950874	-0.32355903929411645
0.20417379446695297	40.00640868525495	-0.3271967972989367
0.20653801558105292	40.03438514153935	-0.3308731517482172
0.20892961308540386	40.06238642522042	-0.3345884382214848
0.21134890398366477	40.09041264143991	-0.33834299283153824
0.21379620895022325	40.1184638935686	-0.34213715213819773
0.21627185237270202	40.14654028315143	-0.3459712530589482
0.21877616239495518	40.17464190985211	-0.3498456327764052
0.22130947096056386	40.20276887139725	-0.3537606286425467
0.223872113856834	40.230921263519846	-0.3577165780796478
0.22646443075930595	40.25909917990245	-0.36171381847785833
0.22908676527677724	40.28730271211969	-0.3657526870893632
0.23173946499684797	40.31553194958045	-0.36983352091906424
0.23442288153199228	40.34378697946952	-0.37395665661172556
0.23713737056616552	40.37206788668888	-0.3781224303355265
0.239883291901949	40.400374753798545	-0.3823311776619616
0.24266100950824168	40.428707660957045	-0.38658323344203416
0.2454708915685031	40.45706668586154	-0.3908789316786872
0.24831331052955705	40.4854519036876	-0.39521860539542303
0.25118864315095796	40.513863387028664	-0.3996025865010532
0.25409727055493064	40.54230120583524	-0.4040312056505356
0.25703957827688645	40.57076542735379	-0.4085047921018456
0.2600159563165272	40.59925611606547	-0.41302367356884195
0.26302679918953814	40.62777333362459	-0.4175881760700773
0.26607250597988114	40.656317138796915	-0.42219862377351686
0.26915348039269166	40.68488758739786	-0.426855338837124
0.2722701308077913	40.71348473223055	-0.43155864124528287
0.2754228703338166	40.742108623023796	-0.43630884864101843
0.27861211686297693	40.77075930637004	-0.4411062761539897
0.2818382931264455	40.799436825663314	-0.4459512362242288
0.285101826750391	40.82814122103717	-0.4508440384216048
0.28840315031266056	40.85687252930274	-0.4557849892609948
0.2917427014001166	40.88563078388688	-0.4607743920131468
0.2951209226666387	40.91441601477043	-0.4658125465112257
0.298538261891796	40.94322824842672	-0.47089974895303793
0.3019951720402016	40.97206750776026	-0.4760362916989379
0.30549211132155124	41.000933812045695	-0.4812224630654142
0.30902954325135923	41.029827176867165	-0.48645854711437386
0.31260793671239556	41.05874761405789	-0.4917448234381359
0.31622776601683794	41.08769513164031	-0.4970815669401631
0.3198895109691397	41.11666973376653	-0.5024690476115502
0.32359365692962844	41.14567142065945	-0.5079075303033165
0.32734069487883827	41.17470018855428	-0.5133972744945293
0.3311311214825911	41.2037560296408	-0.5189385340563276
0.3349654391578276	41.23283893200618	-0.5245315570118803
0.33884415613920277	41.26194887957858	-0.5301765852923583
0.34276778654645046	41.2910858520715	-0.5358738544889846
0.34673685045253166	41.32024982492891	-0.5416235936012493
0.35075187395256796	41.34944076927135	-0.5474260247813691
0.3548133892335757	41.37865865184288	-0.5532813630750949
0.3589219346450053	41.40790343495909	-0.5591898161589681
0.3630780547701014	41.43717507645607	-0.5651515840741549
0.36728230049808464	41.46647352964063	-0.5711668589569583
0.3715352290971724	41.49579874324156	-0.5772358247661696
0.3758374042884443	41.525150661362204	-0.5833586570073859
0.38018939632056126	41.5545292234343	-0.5895355224544551
0.38459178204535355	41.58393436417319	-0.5957665788682157
0.3890451449942805	41.6133660135344	-0.6020519747127028
0.39355007545577764	41.64282409667183	-0.6083918488690104
0.3981071705534973	41.67230853389728	-0.6147863303470076
0.4027170343254591	41.70181924064183	-0.6212355379951207
0.4073802778041126	41.7313561274187	-0.6277395802083938
0.4120975190973304	41.76091909978793	-0.6342985546350752
0.41686938347033553	41.79050805832286	-0.640912547881952
0.4216965034285822	41.82012289857849	-0.6475816352187175
0.42657951880159256	41.84976351106171	-0.6543058802816119
0.43151907682776547	41.879429781203605	-0.6610853347766328
0.4365158322401661	41.90912158933373	-0.6679200381825994
0.4415704473533125	41.9388388106566	-0.674810017454384
0.44668359215096304	41.968581315230296	-0.681755286726612
0.4518559443749226	41.998348967947365	-0.688755847018173
0.4570881896148752	42.02814162851798	-0.6958116859378684
0.46238102139926035	42.05795915145551	-0.7029227773915621
0.4677351412871981	42.08780138606453	-0.7100890812911809
0.47315125896148075	42.117668176431266	-0.717310543265954
0.47863009232263853	42.147559361416654	-0.724587094376261
0.48417236758409943	42.17747477465195	-0.7319186508305016
0.48977881936844614	42.20741424453705	-0.739305113705377
0.49545019080479	42.23737759424147	-0.746746368670011
0.5011872336272725	42.26736464170817	-0.7542422857143346
0.5069907082747045	42.297375199660095	-0.7617927188821649
0.5128613839913648	42.32740907560968	-0.7693975060094307
0.518800038928961	42.357466071871215	-0.7770564684679927
0.5248074602497729	42.3875459855762	-0.7847694109155205
0.5308844442309885	42.41764860869167	-0.7925361210518925
0.5370317963702527	42.44777372804157	-0.8003563693825992
0.5432503314924331	42.477921125331264	-0.8082299089896221
0.5495408738576248	42.50809057717508	-0.8161564753102778
0.5559042572704037	42.53828185512707	-0.8241357859245143
0.5623413251903491	42.56849472571488	-0.8321675403511594
0.5688529308438414	42.59872895047692	-0.8402514198536032
0.5754399373371573	42.62898428600268	-0.8483870872554243
0.5821032177708716	42.65926048397631	-0.8565741867664449
0.588843655355589	42.68955729122352	-0.864812343819726
0.5956621435290104	42.719874449761704	-0.8731011649199812
0.6025595860743581	42.750211696853356	-0.8814402375039155
0.6095368972401694	42.78056876506281	-0.8898291298129599
0.6165950018614822	42.81094538231627	-0.8982673907789152
0.6237348354824191	42.84134127196511	-0.9067545499229411
0.6309573444801936	42.87175615285254	-0.9152901172683968
0.638263486190549	42.9021897393834	-0.9238735832679686
0.6456542290346556	42.932641741597436	-0.9325044187455502
0.6531305526474723	42.96311186524562	-0.9411820748533049
0.6606934480075958	42.99359981186984	-0.9499059830443384
0.6683439175686149	43.0241052788857	-0.9586755550613978
0.6760829753919819	43.05462795966854	-0.9674901829419809
0.6839116472814293	43.08516754364258	-0.9763492390402553
0.6918309709189363	43.11572371637311	-0.9852520760661242
0.6998419960022738	43.14629615966183	-0.9941980271417986
0.707945784384138	43.17688455164504	-1.003186405876184
0.716143410212902	43.2074885668949	-1.012216506457385
0.7244359600749899	43.23810787652352	-1.021287603763604
0.7328245331389045	43.26874214828987	-1.0303989534926703
0.7413102413009177	43.29939104670942	-1.039549792310436
0.7498942093324559	43.330054233166535	-1.048739338018225
0.7585775750291835	43.36073136602938	-1.0579667897395055
0.7673614893618194	43.39142210076739	-1.0672313281259156
0.776247116628692	43.422126090071195	-1.076532115582752
0.7852356346100718	43.45284298397481	-1.085868296514
0.7943282347242814	43.483572429980185	-1.0952389975869286
0.8035261221856177	43.51431407318379	-1.104643328016271
0.8128305161640995	43.54506755640531	-1.1140803798679577
0.8222426499470712	43.57583252031827	-1.1235492283823365
0.8317637711026709	43.606608603582515	-1.1330489323167794
0.8413951416451956	43.63739544297831	-1.1425785343075416
0.8511380382023768	43.66819267354213	-1.1521370612506876
0.8609937521846007	43.6989999287039	-1.1617235247018989
0.8709635899560806	43.72981684042557	-1.171336921294882
0.8810488730080137	43.760643039340906	-1.180976233178108
0.8912509381337459	43.791478154896396	-1.1906404284695589
0.9015711376059571	43.8223218154931	-1.2003284617291023
0.9120108393559097	43.85317364862934	-1.2100392744481208
0.9225714271547628	43.88403328104405	-1.2197717955559277
0.9332543007969915	43.91490033886071	-1.2295249419425116
0.9440608762859236	43.94577444773166	-1.2392976189970941
0.9549925860214359	43.97665523298266	-1.249088721161959
0.9660508789898131	44.00754231975766	-1.2588971325009575
0.9772372209558111	44.038435333163434	-1.2687217272820852
0.9885530946569391	44.0693338984141	-1.2785613705734737
1.	44.10023764097537	-1.288414918852124
1.0115794542598984	44.131146186708264	-1.298281220624667
1.0232929922807548	44.162059162012255	-1.3081591170593991
1.0351421666793441	44.19297619396769	-1.3180474426288395
1.0471285480508996	44.22389691047728	-1.3279450257620138
1.0592537251772887	44.254820940406596	-1.3378506895056292
1.071519305237607	44.28574791372334	-1.3477632521933154
1.0839269140212038	44.31667746163535	-1.3576815281220576
1.096478196143185	44.347609216727115	-1.3676043282349526
1.1091748152624008	44.37854281309474	-1.377530460809372
1.1220184543019642	44.40947788647914	-1.38745873214963
1.1350108156723155	44.44041407439739	-1.397387947283231
1.1481536214968828	44.47135101627216	-1.407316910659755
1.1614486138403426	44.50228835355894	-1.417244426851436
1.1748975549395304	44.53322572987111	-1.4271693012544877
1.188502227437019	44.564162791102625	-1.4370903407902076
1.2022644346174132	44.59509918554826	-1.447006354604936
1.2161860006463678	44.62603456402127	-1.4569161547678682
1.2302687708123812	44.65696857996842	-1.4668185569658136
1.2445146117713857	44.68790088958214	-1.476712381193923
1.2589254117941675	44.7188311519099	-1.4865964524414648
1.2735030810166617	44.74975902896058	-1.4964696013717191
1.2882495516931336	44.7806841858078	-1.5063306649950676
1.3031667784523	44.81160629069007	-1.5161784873336375
1.3182567385564075	44.84252501510779	-1.5260119200810316
1.333521432163324	44.87344003391694	-1.5358298232454082
1.3489628825916533	44.90435102541943	-1.5456310657893408
1.3645831365889252	44.93525767145	-1.5554145262550931
1.3803842646028852	44.96615965745972	-1.5651790933786696
1.3963683610559376	44.99705667259591	-1.5749236666911923
1.412537544622754	45.027948409778595	-1.5846471571068572
1.4288939585111036	45.05883456577326	-1.5943484874967653
1.4454397707459279	45.08971484126003	-1.6040265932479403
1.4621771744567182	45.120588940899246	-1.613680422806902
1.4791083881682072	45.15145657339325	-1.6233089382071701
1.4962356560944343	45.18231745154459	-1.632911115580122
1.5135612484362087	45.213171292310506	-1.6424859456486616
1.5310874616820302	45.24401781685365	-1.6520324342032153
1.5488166189124812	45.274856750589194	-1.6615496025595549
1.5667510701081502	45.3056878232282	-1.6710364879980517
1.584893192461114	45.336510768817305	-1.6804921441839469
1.6032453906900417	45.3673253257748	-1.6899156415683203
1.6218100973589298	45.39813123692297	-1.6993060677694105
1.6405897731995387	45.42892824951697	-1.7086625279340517
1.6595869074375613	45.45971611526998	-1.7179841450789743
1.6788040181225607	45.490494590374865	-1.7272700604117897
1.6982436524617444	45.52126343552246	-1.7365194336315164
1.7179083871575875	45.552022415916184	-1.7457314432085134
1.7378008287493762	45.58277130128344	-1.754905286643782
1.7579236139586931	45.61350986588357	-1.7640401807075654
1.7782794100389228	45.644237888512585	-1.7731353616572896
1.7988709151287874	45.6749551525046	-1.7821900854348582
1.8197008586099843	45.705661445730186	-1.791203627843381
1.8407720014689564	45.73635656059155	-1.8001752847034678
1.8620871366628675	45.76704029401481	-1.809104371989218
1.8836490894898001	45.79771244743919	-1.817990225944086
1.9054607179632483	45.82837282680344	-1.8268322031768442
1.9275249131909367	45.85902124252945	-1.83562968073787
1.9498445997580456	45.88965750950317	-1.844382056176054
1.9724227361148534	45.92028144705283	-1.8530887475766018
1.9952623149688808	45.95089287892276	-1.8617491935817956
2.0183663636815616	45.981491633253675	-1.8703628533855674
2.0417379446695296	46.0120775425443	-1.8789292067240997
2.065380155810529	46.04265044362552	-1.887447753836033
2.089296130854041	46.0732101776257	-1.8959180154112434
2.1134890398366477	46.103756589935	-1.9043395325217798
2.1379620895022327	46.13428953016787	-1.9127118665364877
2.16271852372702	46.164808852123436	-1.9210345990197644
2.1877616239495516	46.19531441374428	-1.9293073316149605
2.2130947096056386	46.22580607707333	-1.9375296859129196
2.23872113856834	46.25628370820923	-1.9457013033061552
2.2646443075930596	46.28674717726014	-1.9538218448292175
2.2908676527677723	46.31719635829606	-1.9618909909857536
2.3173946499684797	46.34763112929988	-1.9699084415628152
2.344228815319923	46.378051372117056	-1.9778739154329625
2.371373705661655	46.40845697240424	-1.9857871503447047
2.39883291901949	46.4388478195767	-1.9936479027018381
2.4266100950824168	46.46922380675485	-2.0014559473322344
2.454708915685031	46.49958483070976	-2.0092110772466376
2.4831331052955705	46.529930791807935	-2.0169131033880268
2.5118864315095797	46.560261593955296	-2.024561854372094
2.5409727055493065	46.590577144540475	-2.032157176219394
2.570395782768865	46.62087735437758	-2.0396989320797143
2.6001595631652723	46.651162137648406	-2.047187001949204
2.6302679918953813	46.68143141184423	-2.054621282380805
2.6607250597988115	46.71168509770723	-2.06200168618851
2.691534803926917	46.74192311917166	-2.069328142145971
2.7227013080779128	46.77214540330471	-2.0766005946799853
2.7542287033381663	46.802351880247365	-2.083819003559345
2.786121168629772	46.83254248315499	-2.0909833435788703
2.818382931264455	46.86271714813806	-2.098093604243253
2.85101826750391	46.892875814202824	-2.105149789440834
2.8840315031266055	46.92301842319211	-2.112151917121534
2.917427014001166	46.953144919726256	-2.119100018969127
2.951209226666387	46.983255251144264	-2.1259941400723545
2.9853826189179604	47.013349367445194	-2.13283433859467
3.019951720402016	47.043427221229905	-2.139620685442985
3.0549211132155123	47.07348876764309	-2.1463532639358456
3.090295432513592	47.103533964315766	-2.1530321694714094
3.126079367123956	47.133562771308135	-2.159657509195594
3.1622776601683795	47.16357515105304	-2.1662294016707704
